BEGIN brush-census
INTERVENTION READ-ONLY-ALL-BRUSHES
ALL-BRUSHES-COUNT 7
BRUSH-BEGIN 0 type=COMMON-GRAPHICS-USER::PAINT-BRUSH
BRUSH-SCALARS 0 ID=0 WIDTH=0 RAD=0 CELLS=0
BRUSH-SHAPES 0 ENVIR-TYPE=CONS ENVIR=(0 100) PERIM-TYPE=NULL PERIM=NIL CORE-TYPE=NULL CORE=NIL
BRUSH-END 0
BRUSH-BEGIN 1 type=COMMON-GRAPHICS-USER::PAINT-BRUSH
BRUSH-SCALARS 1 ID=1 WIDTH=3 RAD=1 CELLS=5
BRUSH-SHAPES 1 ENVIR-TYPE=CONS ENVIR=(100 3000) PERIM-TYPE=CONS PERIM=((-1 1) (0 1) (1 1) (1 0) (1 -1) (0 -1) (-1 -1) (-1 0)) CORE-TYPE=CONS CORE=((0 0) (-1 1) (0 1) (1 1) (1 0) (1 -1) (0 -1) (-1 -1) (-1 0))
BRUSH-END 1
BRUSH-BEGIN 2 type=COMMON-GRAPHICS-USER::PAINT-BRUSH
BRUSH-SCALARS 2 ID=2 WIDTH=5 RAD=2 CELLS=12
BRUSH-SHAPES 2 ENVIR-TYPE=CONS ENVIR=(3000 8000) PERIM-TYPE=CONS PERIM=((0 2) (2 0) (0 -2) (-2 0) (1 2) (1 1) (2 1) (-1 2) (-1 1) (-2 1) (1 -2) (1 -1) (2 -1) (-1 -2) (-1 -1) (-2 -1)) CORE-TYPE=CONS CORE=((-1 2) (0 2) (1 2) (-2 1) (-1 1) (0 1) (1 1) (2 1) (-2 0) (-1 0) (0 0) (1 0) (2 0) (-2 -1) (-1 -1) (0 -1) (1 -1) (2 -1) (-1 -2) (0 -2) (1 -2))
BRUSH-END 2
BRUSH-BEGIN 3 type=COMMON-GRAPHICS-USER::PAINT-BRUSH
BRUSH-SCALARS 3 ID=3 WIDTH=7 RAD=3 CELLS=49
BRUSH-SHAPES 3 ENVIR-TYPE=CONS ENVIR=(8000 16000) PERIM-TYPE=CONS PERIM=((0 4) (4 0) (-4 0) (0 -4) (1 4) (1 3) (2 3) (3 3) (3 2) (3 1) (4 1) (-1 4) (-1 3) (-2 3) (-3 3) (-3 2) (-3 1) (-4 1) (1 -4) (1 -3) (2 -3) (3 -3) (3 -2) (3 -1) (4 -1) (-1 -4) (-1 -3) (-2 -3) (-3 -3) (-3 -2) (-3 -1) (-4 -1)) CORE-TYPE=CONS CORE=((-1 4) (0 4) (1 4) (-3 3) (-2 3) (-1 3) (0 3) (1 3) (2 3) (3 3) (-3 2) (-2 2) (-1 2) (0 2) (1 2) (2 2) (3 2) (-4 1) (-3 1) (-2 1) (-1 1) (0 1) (1 1) (2 1) (3 1) (4 1) (-4 0) (-3 0) (-2 0) (-1 0) (0 0) (1 0) (2 0) (3 0) (4 0) (-4 -1) (-3 -1) (-2 -1) (-1 -1) (0 -1) (1 -1) (2 -1) (3 -1) (4 -1) (-3 -2) (-2 -2) (-1 -2) (0 -2) (1 -2) (2 -2) (3 -2) (-3 -3) (-2 -3) (-1 -3) (0 -3) (1 -3) (2 -3) (3 -3) (-1 -4) (0 -4) (1 -4))
BRUSH-END 3
BRUSH-BEGIN 4 type=COMMON-GRAPHICS-USER::PAINT-BRUSH
BRUSH-SCALARS 4 ID=4 WIDTH=13 RAD=6 CELLS=121
BRUSH-SHAPES 4 ENVIR-TYPE=CONS ENVIR=(16000 60000) PERIM-TYPE=CONS PERIM=((0 5) (0 -5) (5 0) (-5 0) (1 5) (2 5) (2 4) (3 4) (3 3) (4 3) (4 2) (5 2) (5 1) (-1 5) (-2 5) (-2 4) (-3 4) (-3 3) (-4 3) (-4 2) (-5 2) (-5 1) (1 -5) (2 -5) (2 -4) (3 -4) (3 -3) (4 -3) (4 -2) (5 -2) (5 -1) (-1 -5) (-2 -5) (-2 -4) (-3 -4) (-3 -3) (-4 -3) (-4 -2) (-5 -2) (-5 -1)) CORE-TYPE=CONS CORE=((-2 5) (-1 5) (0 5) (1 5) (2 5) (-3 4) (-2 4) (-1 4) (0 4) (3 4) (2 4) (1 4) (-4 3) (-3 3) (-2 3) (-1 3) (0 3) (4 3) (3 3) (2 3) (1 3) (-5 2) (-4 2) (-3 2) (-2 2) (-1 2) (0 2) (5 2) (4 2) (3 2) (2 2) (1 2) (-5 1) (-4 1) (-3 1) (-2 1) (-1 1) (0 1) (5 1) (4 1) (3 1) (2 1) (1 1) (-5 0) (-4 0) (-3 0) (-2 0) (-1 0) (0 0) (5 0) (4 0) (3 0) (2 0) (1 0) (-5 -1) (-4 -1) (-3 -1) (-2 -1) (-1 -1) (0 -1) (5 -1) (4 -1) (3 -1) (2 -1) (1 -1) (-5 -2) (-4 -2) (-3 -2) (-2 -2) (-1 -2) (0 -2) (5 -2) (4 -2) (3 -2) (2 -2) (1 -2) (-4 -3) (-3 -3) (-2 -3) (-1 -3) (0 -3) (4 -3) (3 -3) (2 -3) (1 -3) (-3 -4) (-2 -4) (-1 -4) (0 -4) (3 -4) (2 -4) (1 -4) (-2 -5) (-1 -5) (0 -5) (1 -5) (2 -5))
BRUSH-END 4
BRUSH-BEGIN 5 type=COMMON-GRAPHICS-USER::PAINT-BRUSH
BRUSH-SCALARS 5 ID=5 WIDTH=17 RAD=8 CELLS=239
BRUSH-SHAPES 5 ENVIR-TYPE=CONS ENVIR=(60000 120000) PERIM-TYPE=CONS PERIM=((0 7) (0 -7) (7 0) (-7 0) (1 7) (2 7) (2 6) (3 6) (4 6) (4 5) (5 5) (5 4) (6 4) (6 3) (6 2) (7 2) (7 1) (-1 7) (-2 7) (-2 6) (-3 6) (-4 6) (-4 5) (-5 5) (-5 4) (-6 4) (-6 3) (-6 2) (-7 2) (-7 1) (1 -7) (2 -7) (2 -6) (3 -6) (4 -6) (4 -5) (5 -5) (5 -4) (6 -4) (6 -3) (6 -2) (7 -2) (7 -1) (-1 -7) (-2 -7) (-2 -6) (-3 -6) (-4 -6) (-4 -5) (-5 -5) (-5 -4) (-6 -4) (-6 -3) (-6 -2) (-7 -2) (-7 -1)) CORE-TYPE=CONS CORE=((-2 7) (-1 7) (0 7) (1 7) (2 7) (-4 6) (-3 6) (-2 6) (-1 6) (0 6) (4 6) (3 6) (2 6) (1 6) (-5 5) (-4 5) (-3 5) (-2 5) (-1 5) (0 5) (5 5) (4 5) (3 5) (2 5) (1 5) (-6 4) (-5 4) (-4 4) (-3 4) (-2 4) (-1 4) (0 4) (6 4) (5 4) (4 4) (3 4) (2 4) (1 4) (-6 3) (-5 3) (-4 3) (-3 3) (-2 3) (-1 3) (0 3) (6 3) (5 3) (4 3) (3 3) (2 3) (1 3) (-7 2) (-6 2) (-5 2) (-4 2) (-3 2) (-2 2) (-1 2) (0 2) (7 2) (6 2) (5 2) (4 2) (3 2) (2 2) (1 2) (0 2) (-7 1) (-6 1) (-5 1) (-4 1) (-3 1) (-2 1) (-1 1) (0 1) (7 1) (6 1) (5 1) (4 1) (3 1) (2 1) (1 1) (0 1) (-7 0) (-6 0) (-5 0) (-4 0) (-3 0) (-2 0) (-1 0) (0 0) (7 0) (6 0) (5 0) (4 0) (3 0) (2 0) (1 0) (0 0) (-7 -1) (-6 -1) (-5 -1) (-4 -1) (-3 -1) (-2 -1) (-1 -1) (0 -1) (7 -1) (6 -1) (5 -1) (4 -1) (3 -1) (2 -1) (1 -1) (0 -1) (-7 -2) (-6 -2) (-5 -2) (-4 -2) (-3 -2) (-2 -2) (-1 -2) (0 -2) (7 -2) (6 -2) (5 -2) (4 -2) (3 -2) (2 -2) (1 -2) (0 -2) (-6 -3) (-5 -3) (-4 -3) (-3 -3) (-2 -3) (-1 -3) (0 -3) (6 -3) (5 -3) (4 -3) (3 -3) (2 -3) (1 -3) (-6 -4) (-5 -4) (-4 -4) (-3 -4) (-2 -4) (-1 -4) (0 -4) (6 -4) (5 -4) (4 -4) (3 -4) (2 -4) (1 -4) (-5 -5) (-4 -5) (-3 -5) (-2 -5) (-1 -5) (0 -5) (5 -5) (4 -5) (3 -5) (2 -5) (1 -5) (-4 -6) (-3 -6) (-2 -6) (-1 -6) (0 -6) (4 -6) (3 -6) (2 -6) (1 -6) (-2 -7) (-1 -7) (0 -7) (1 -7) (2 -7))
BRUSH-END 5
BRUSH-BEGIN 6 type=COMMON-GRAPHICS-USER::PAINT-BRUSH
BRUSH-SCALARS 6 ID=6 WIDTH=19 RAD=9 CELLS=329
BRUSH-SHAPES 6 ENVIR-TYPE=CONS ENVIR=(120000 200000) PERIM-TYPE=CONS PERIM=((0 9) (0 -9) (9 0) (-9 0) (1 9) (2 9) (3 9) (3 8) (4 8) (5 8) (5 7) (6 7) (6 6) (7 6) (7 5) (8 5) (8 4) (8 3) (9 3) (9 2) (9 1) (-1 9) (-2 9) (-3 9) (-3 8) (-4 8) (-5 8) (-5 7) (-6 7) (-6 6) (-7 6) (-7 5) (-8 5) (-8 4) (-8 3) (-9 3) (-9 2) (-9 1) (1 -9) (2 -9) (3 -9) (3 -8) (4 -8) (5 -8) (5 -7) (6 -7) (6 -6) (7 -6) (7 -5) (8 -5) (8 -4) (8 -3) (9 -3) (9 -2) (9 -1) (-1 -9) (-2 -9) (-3 -9) (-3 -8) (-4 -8) (-5 -8) (-5 -7) (-6 -7) (-6 -6) (-7 -6) (-7 -5) (-8 -5) (-8 -4) (-8 -3) (-9 -3) (-9 -2) (-9 -1)) CORE-TYPE=CONS CORE=((-2 9) (-1 9) (0 9) (1 9) (2 9) (-4 8) (-3 8) (-2 8) (-1 8) (0 8) (4 8) (3 8) (2 8) (1 8) (-5 7) (-4 7) (-3 7) (-2 7) (-1 7) (0 7) (5 7) (4 7) (3 7) (2 7) (1 7) (-6 6) (-5 6) (-4 6) (-3 6) (-2 6) (-1 6) (0 6) (6 6) (5 6) (4 6) (3 6) (2 6) (1 6) (-7 5) (-6 5) (-5 5) (-4 5) (-3 5) (-2 5) (-1 5) (0 5) (7 5) (6 5) (5 5) (4 5) (3 5) (2 5) (1 5) (-8 4) (-7 4) (-6 4) (-5 4) (-4 4) (-3 4) (-2 4) (-1 4) (0 4) (8 4) (7 4) (6 4) (5 4) (4 4) (3 4) (2 4) (1 4) (-8 3) (-7 3) (-6 3) (-5 3) (-4 3) (-3 3) (-2 3) (-1 3) (0 3) (8 3) (7 3) (6 3) (5 3) (4 3) (3 3) (2 3) (1 3) (-9 2) (-8 2) (-7 2) (-6 2) (-5 2) (-4 2) (-3 2) (-1 2) (0 2) (9 2) (8 2) (7 2) (6 2) (5 2) (4 2) (3 2) (1 2) (-9 1) (-8 1) (-7 1) (-6 1) (-5 1) (-4 1) (-3 1) (-1 1) (0 1) (9 1) (8 1) (7 1) (6 1) (5 1) (4 1) (3 1) (1 1) (-9 0) (-8 0) (-7 0) (-6 0) (-5 0) (-4 0) (-3 0) (-1 0) (0 0) (9 0) (8 0) (7 0) (6 0) (5 0) (4 0) (3 0) (1 0) (-9 -1) (-8 -1) (-7 -1) (-6 -1) (-5 -1) (-4 -1) (-3 -1) (-1 -1) (0 -1) (9 -1) (8 -1) (7 -1) (6 -1) (5 -1) (4 -1) (3 -1) (1 -1) (-9 -2) (-8 -2) (-7 -2) (-6 -2) (-5 -2) (-4 -2) (-3 -2) (-1 -2) (0 -2) (9 -2) (8 -2) (7 -2) (6 -2) (5 -2) (4 -2) (3 -2) (1 -2) (-8 -3) (-7 -3) (-6 -3) (-5 -3) (-4 -3) (-3 -3) (-2 -3) (-1 -3) (0 -3) (8 -3) (7 -3) (6 -3) (5 -3) (4 -3) (3 -3) (2 -3) (1 -3) (-8 -4) (-7 -4) (-6 -4) (-5 -4) (-4 -4) (-3 -4) (-2 -4) (-1 -4) (0 -4) (8 -4) (7 -4) (6 -4) (5 -4) (4 -4) (3 -4) (2 -4) (1 -4) (-7 -5) (-6 -5) (-5 -5) (-4 -5) (-3 -5) (-2 -5) (-1 -5) (0 -5) (7 -5) (6 -5) (5 -5) (4 -5) (3 -5) (2 -5) (1 -5) (-6 -6) (-5 -6) (-4 -6) (-3 -6) (-2 -6) (-1 -6) (0 -6) (6 -6) (5 -6) (4 -6) (3 -6) (2 -6) (1 -6) (-5 -7) (-4 -7) (-3 -7) (-2 -7) (-1 -7) (0 -7) (5 -7) (4 -7) (3 -7) (2 -7) (1 -7) (-4 -8) (-3 -8) (-2 -8) (-1 -8) (0 -8) (4 -8) (3 -8) (2 -8) (1 -8) (-2 -9) (-1 -9) (0 -9) (1 -9) (2 -9))
BRUSH-END 6
END brush-census
