BEGIN free-path-behavior
INTERVENTION BOUNDED-RAN-POL-VPT-WRAPPERS
MAKE-ARGLIST (COMMON-GRAPHICS-USER::X COMMON-GRAPHICS-USER::Y COMMON-GRAPHICS-USER::VIS)
GLOBAL "FDEX" bound=NIL
GLOBAL "TDEX" bound=NIL
GLOBAL "FROM" bound=NIL
GLOBAL "TO" bound=NIL
TRY seed=1 vis=0 bounds=((0 0) (10 0))
CONSTRUCTED ((:POINT (0 0 0)) (:POINT (10 0 0)))
RESULT ((:POINT (0 0 0)) (:POINT (10 0 0)) (:POINT (10 0 0)) (:POINT (0 0 0)))
EDGE-AFTER ((:POINT (0 0 0)) (:POINT (10 0 0)))
AFTER "FDEX" 0
AFTER "TDEX" 1
AFTER "FROM" 0
AFTER "TO" 1
NEXT-RANDOM 893
CALLS 0
ENDCASE
TRY seed=1 vis=0 bounds=((0 0) (100 0))
CONSTRUCTED ((:POINT (0 0 0)) (:POINT (100 0 0)))
RESULT ((:POINT (0 0 0)) (:POINT (100 0 0)) (:POINT (100 0 0)) (:POINT (0 0 0)))
EDGE-AFTER ((:POINT (0 0 0)) (:POINT (100 0 0)))
AFTER "FDEX" 0
AFTER "TDEX" 1
AFTER "FROM" 0
AFTER "TO" 1
NEXT-RANDOM 491
CALLS 0
ENDCASE
TRY seed=1 vis=0 bounds=((2 3) (12 18))
CONSTRUCTED ((:POINT (2 3 0)) (:POINT (12 18 0)))
RESULT ((:POINT (2 3 0)) (:POINT (12 18 0)) (:POINT (12 18 0)) (:POINT (2 3 0)))
EDGE-AFTER ((:POINT (2 3 0)) (:POINT (12 18 0)))
AFTER "FDEX" 0
AFTER "TDEX" 1
AFTER "FROM" 0
AFTER "TO" 1
NEXT-RANDOM 491
CALLS 0
ENDCASE
TRY seed=1 vis=1 bounds=((0 0) (10 0))
CONSTRUCTED ((:POINT (0 0 1)) (:POINT (10 0 1)))
RAN (8 14) => 14
RAN (0.7 1.3) => 1.0894606
RAN (0.015 0.03) => 0.029558564
POL-VPT (0 0 1) 0.0 0.77818614 1 => (0.77818614 0.0 1)
RAN (0.0 6.28) => 3.3182573
POL-VPT (0.77818614 0.0 1) 3.3182573 0.023002064 1 => (0.7555421 -0.004042547 1)
RAN (0.7 1.3) => 0.8431163
RAN (0.015 0.03) => 0.026048847
POL-VPT (0.77818614 0.0 1) 0.0 0.60222596 1 => (1.3804121 0.0 1)
RAN (0.0 6.28) => 5.5556464
POL-VPT (1.3804121 0.0 1) 5.5556464 0.015687292 1 => (1.3921276 -0.010432577 1)
RAN (0.7 1.3) => 0.9525939
RAN (0.015 0.03) => 0.027379356
POL-VPT (1.3804121 0.0 1) 0.0 0.6804243 1 => (2.0608363 0.0 1)
RAN (0.0 6.28) => 1.7189851
POL-VPT (2.0608363 0.0 1) 1.7189851 0.018629579 1 => (2.0580857 0.018425401 1)
RAN (0.7 1.3) => 1.0328707
RAN (0.015 0.03) => 0.017967017
POL-VPT (2.0608363 0.0 1) 0.0 0.7377648 1 => (2.7986012 0.0 1)
RAN (0.0 6.28) => 2.5166848
POL-VPT (2.7986012 0.0 1) 2.5166848 0.013255432 1 => (2.7878509 0.007754727 1)
RAN (0.7 1.3) => 1.1723082
RAN (0.015 0.03) => 0.016988447
POL-VPT (2.7986012 0.0 1) 0.0 0.837363 1 => (3.6359642 0.0 1)
RAN (0.0 6.28) => 3.9493577
POL-VPT (3.6359642 0.0 1) 3.9493577 0.014225497 1 => (3.6261327 -0.010281398 1)
RAN (0.7 1.3) => 1.2969463
RAN (0.015 0.03) => 0.026202638
POL-VPT (3.6359642 0.0 1) 0.0 0.92639023 1 => (4.5623546 0.0 1)
RAN (0.0 6.28) => 6.1152573
POL-VPT (4.5623546 0.0 1) 6.1152573 0.024273867 1 => (4.586287 -0.0040571317 1)
RAN (0.7 1.3) => 0.8529096
RAN (0.015 0.03) => 0.024004467
POL-VPT (4.5623546 0.0 1) 0.0 0.60922116 1 => (5.1715755 0.0 1)
RAN (0.0 6.28) => 3.9139547
POL-VPT (5.1715755 0.0 1) 3.9139547 0.014624029 1 => (5.161101 -0.010205072 1)
RAN (0.7 1.3) => 1.1294334
RAN (0.015 0.03) => 0.02389964
POL-VPT (5.1715755 0.0 1) 0.0 0.80673814 1 => (5.9783134 0.0 1)
RAN (0.0 6.28) => 3.342277
POL-VPT (5.9783134 0.0 1) 3.342277 0.019280752 1 => (5.9594197 -0.003843426 1)
RAN (0.7 1.3) => 0.81404835
RAN (0.015 0.03) => 0.024912598
POL-VPT (5.9783134 0.0 1) 0.0 0.5814631 1 => (6.5597763 0.0 1)
RAN (0.0 6.28) => 4.76404
POL-VPT (6.5597763 0.0 1) 4.76404 0.014485756 1 => (6.560524 -0.0144664375 1)
RAN (0.7 1.3) => 0.9409273
RAN (0.015 0.03) => 0.023638584
POL-VPT (6.5597763 0.0 1) 0.0 0.67209095 1 => (7.2318673 0.0 1)
RAN (0.0 6.28) => 1.8055785
POL-VPT (7.2318673 0.0 1) 1.8055785 0.015887279 1 => (7.2281713 0.015451413 1)
RAN (0.7 1.3) => 0.9014426
RAN (0.015 0.03) => 0.017550766
POL-VPT (7.2318673 0.0 1) 0.0 0.6438876 1 => (7.875755 0.0 1)
RAN (0.0 6.28) => 3.2470286
POL-VPT (7.875755 0.0 1) 3.2470286 0.01130072 1 => (7.8645167 -0.0011892957 1)
RAN (0.7 1.3) => 0.8945959
RAN (0.015 0.03) => 0.02341569
POL-VPT (7.875755 0.0 1) 0.0 0.6389971 1 => (8.514751 0.0 1)
RAN (0.0 6.28) => 0.57109797
POL-VPT (8.514751 0.0 1) 0.57109797 0.014962558 1 => (8.52734 0.008088103 1)
RAN (0.7 1.3) => 0.9093811
RAN (0.015 0.03) => 0.024585422
POL-VPT (8.514751 0.0 1) 0.0 0.64955795 1 => (9.1643095 0.0 1)
RAN (0.0 6.28) => 1.5713338
POL-VPT (9.1643095 0.0 1) 1.5713338 0.015969656 1 => (9.164301 0.015969655 1)
RAN (0.7 1.3) => 0.8699024
RAN (0.015 0.03) => 0.01908166
POL-VPT (9.1643095 0.0 1) 0.0 0.6213589 1 => (9.785668 0.0 1)
RAN (0.0 6.28) => 0.19610177
POL-VPT (9.785668 0.0 1) 0.19610177 0.011856559 1 => (9.7972975 0.0023102185 1)
RAN (8 14) => 9
RAN (0.7 1.3) => 1.0126418
RAN (0.015 0.03) => 0.022856006
POL-VPT (10 0 1) 3.1415927 1.1251576 1 => (8.874843 -9.83644e-8 1)
RAN (0.0 6.28) => 0.17440411
POL-VPT (8.874843 -9.83644e-8 1) 0.17440411 0.025716608 1 => (8.900169 0.0044622817 1)
RAN (0.7 1.3) => 1.0635493
RAN (0.015 0.03) => 0.02559181
POL-VPT (8.874843 -9.83644e-8 1) 3.1415927 1.1817214 1 => (7.693121 -2.0167377e-7 1)
RAN (0.0 6.28) => 5.7587714
POL-VPT (7.693121 -2.0167377e-7 1) 5.7587714 0.030242389 1 => (7.7192993 -0.015142739 1)
RAN (0.7 1.3) => 1.1367315
RAN (0.015 0.03) => 0.02666841
POL-VPT (7.693121 -2.0167377e-7 1) 3.1415927 1.263035 1 => (6.430086 -3.120918e-7 1)
RAN (0.0 6.28) => 2.795291
POL-VPT (6.430086 -3.120918e-7 1) 2.795291 0.033683136 1 => (6.3984027 0.011432465 1)
RAN (0.7 1.3) => 1.2194088
RAN (0.015 0.03) => 0.020215953
POL-VPT (6.430086 -3.120918e-7 1) 3.1415927 1.3548987 1 => (5.0751877 -4.305408e-7 1)
RAN (0.0 6.28) => 1.4422972
POL-VPT (5.0751877 -4.305408e-7 1) 1.4422972 0.027390568 1 => (5.0786977 0.027164312 1)
RAN (0.7 1.3) => 1.147473
RAN (0.015 0.03) => 0.024660796
POL-VPT (5.0751877 -4.305408e-7 1) 3.1415927 1.27497 1 => (3.8002176 -5.420022e-7 1)
RAN (0.0 6.28) => 5.4724545
POL-VPT (3.8002176 -5.420022e-7 1) 5.4724545 0.031441778 1 => (3.82188 -0.022789253 1)
RAN (0.7 1.3) => 0.77779156
RAN (0.015 0.03) => 0.02329967
POL-VPT (3.8002176 -5.420022e-7 1) 3.1415927 0.8642129 1 => (2.9360046 -6.175541e-7 1)
RAN (0.0 6.28) => 4.151515
POL-VPT (2.9360046 -6.175541e-7 1) 4.151515 0.020135874 1 => (2.925294 -0.017051486 1)
RAN (0.7 1.3) => 0.7362613
RAN (0.015 0.03) => 0.01923402
POL-VPT (2.9360046 -6.175541e-7 1) 3.1415927 0.81806815 1 => (2.1179366 -6.890719e-7 1)
RAN (0.0 6.28) => 0.09980007
POL-VPT (2.1179366 -6.890719e-7 1) 0.09980007 0.01573474 1 => (2.133593 0.0015670336 1)
RAN (0.7 1.3) => 0.8063977
RAN (0.015 0.03) => 0.023327798
POL-VPT (2.1179366 -6.890719e-7 1) 3.1415927 0.89599746 1 => (1.2219391 -7.6740247e-7 1)
RAN (0.0 6.28) => 4.2011113
POL-VPT (1.2219391 -7.6740247e-7 1) 4.2011113 0.020901648 1 => (1.2117121 -0.018229514 1)
RAN (0.7 1.3) => 1.1194824
RAN (0.015 0.03) => 0.02924642
POL-VPT (1.2219391 -7.6740247e-7 1) 3.1415927 1.2438694 1 => (-0.021930337 -8.76145e-7 1)
RAN (0.0 6.28) => 5.1013703
POL-VPT (-0.021930337 -8.76145e-7 1) 5.1013703 0.036378726 1 => (-0.008133848 -0.033661958 1)
RESULT ((:POINT (0 0 1)) (:POINT (0.7555421 -0.004042547 1)) (:POINT (1.3921276 -0.010432577 1)) (:POINT (2.0580857 0.018425401 1)) (:POINT (2.7878509 0.007754727 1)) (:POINT (3.6261327 -0.010281398 1)) (:POINT (4.586287 -0.0040571317 1)) (:POINT (5.161101 -0.010205072 1)) (:POINT (5.9594197 -0.003843426 1)) (:POINT (6.560524 -0.0144664375 1)) (:POINT (7.2281713 0.015451413 1)) (:POINT (7.8645167 -0.0011892957 1)) (:POINT (8.52734 0.008088103 1)) (:POINT (9.164301 0.015969655 1)) (:POINT (10 0 1)) (:POINT (10 0 1)) (:POINT (8.900169 0.0044622817 1)) (:POINT (7.7192993 -0.015142739 1)) (:POINT (6.3984027 0.011432465 1)) (:POINT (5.0786977 0.027164312 1)) (:POINT (3.82188 -0.022789253 1)) (:POINT (2.925294 -0.017051486 1)) (:POINT (2.133593 0.0015670336 1)) (:POINT (1.2117121 -0.018229514 1)) (:POINT (0 0 1)))
EDGE-AFTER ((:POINT (0 0 1)) (:POINT (10 0 1)))
AFTER "FDEX" 0
AFTER "TDEX" 1
AFTER "FROM" 0
AFTER "TO" 1
NEXT-RANDOM 323
CALLS 117
ENDCASE
TRY seed=1 vis=1 bounds=((0 0) (100 0))
CONSTRUCTED ((:POINT (0 0 1)) (:POINT (100 0 1)))
RAN (8 14) => 14
RAN (0.7 1.3) => 1.0894606
RAN (0.015 0.03) => 0.029558564
POL-VPT (0 0 1) 0.0 7.7818613 1 => (7.7818613 0.0 1)
RAN (0.0 6.28) => 3.3182573
POL-VPT (7.7818613 0.0 1) 3.3182573 0.23002064 1 => (7.555421 -0.040425472 1)
RAN (0.7 1.3) => 0.8431163
RAN (0.015 0.03) => 0.026048847
POL-VPT (7.7818613 0.0 1) 0.0 6.022259 1 => (13.804121 0.0 1)
RAN (0.0 6.28) => 5.5556464
POL-VPT (13.804121 0.0 1) 5.5556464 0.15687291 1 => (13.921276 -0.104325764 1)
RAN (0.7 1.3) => 0.9525939
RAN (0.015 0.03) => 0.027379356
POL-VPT (13.804121 0.0 1) 0.0 6.804242 1 => (20.608364 0.0 1)
RAN (0.0 6.28) => 1.7189851
POL-VPT (20.608364 0.0 1) 1.7189851 0.18629576 1 => (20.580858 0.18425399 1)
RAN (0.7 1.3) => 1.0328707
RAN (0.015 0.03) => 0.017967017
POL-VPT (20.608364 0.0 1) 0.0 7.3776474 1 => (27.986012 0.0 1)
RAN (0.0 6.28) => 2.5166848
POL-VPT (27.986012 0.0 1) 2.5166848 0.13255432 1 => (27.878508 0.07754727 1)
RAN (0.7 1.3) => 1.1723082
RAN (0.015 0.03) => 0.016988447
POL-VPT (27.986012 0.0 1) 0.0 8.37363 1 => (36.359642 0.0 1)
RAN (0.0 6.28) => 3.9493577
POL-VPT (36.359642 0.0 1) 3.9493577 0.14225496 1 => (36.261326 -0.10281398 1)
RAN (0.7 1.3) => 1.2969463
RAN (0.015 0.03) => 0.026202638
POL-VPT (36.359642 0.0 1) 0.0 9.263902 1 => (45.623543 0.0 1)
RAN (0.0 6.28) => 6.1152573
POL-VPT (45.623543 0.0 1) 6.1152573 0.24273866 1 => (45.862865 -0.040571317 1)
RAN (0.7 1.3) => 0.8529096
RAN (0.015 0.03) => 0.024004467
POL-VPT (45.623543 0.0 1) 0.0 6.0922117 1 => (51.715755 0.0 1)
RAN (0.0 6.28) => 3.9139547
POL-VPT (51.715755 0.0 1) 3.9139547 0.1462403 1 => (51.611008 -0.10205073 1)
RAN (0.7 1.3) => 1.1294334
RAN (0.015 0.03) => 0.02389964
POL-VPT (51.715755 0.0 1) 0.0 8.067381 1 => (59.783134 0.0 1)
RAN (0.0 6.28) => 3.342277
POL-VPT (59.783134 0.0 1) 3.342277 0.19280751 1 => (59.594196 -0.03843426 1)
RAN (0.7 1.3) => 0.81404835
RAN (0.015 0.03) => 0.024912598
POL-VPT (59.783134 0.0 1) 0.0 5.814631 1 => (65.59776 0.0 1)
RAN (0.0 6.28) => 4.76404
POL-VPT (65.59776 0.0 1) 4.76404 0.14485756 1 => (65.60524 -0.14466438 1)
RAN (0.7 1.3) => 0.9409273
RAN (0.015 0.03) => 0.023638584
POL-VPT (65.59776 0.0 1) 0.0 6.7209096 1 => (72.31867 0.0 1)
RAN (0.0 6.28) => 1.8055785
POL-VPT (72.31867 0.0 1) 1.8055785 0.15887278 1 => (72.281715 0.15451412 1)
RAN (0.7 1.3) => 0.9014426
RAN (0.015 0.03) => 0.017550766
POL-VPT (72.31867 0.0 1) 0.0 6.4388757 1 => (78.757545 0.0 1)
RAN (0.0 6.28) => 3.2470286
POL-VPT (78.757545 0.0 1) 3.2470286 0.1130072 1 => (78.645164 -0.011892957 1)
RAN (0.7 1.3) => 0.8945959
RAN (0.015 0.03) => 0.02341569
POL-VPT (78.757545 0.0 1) 0.0 6.389971 1 => (85.147514 0.0 1)
RAN (0.0 6.28) => 0.57109797
POL-VPT (85.147514 0.0 1) 0.57109797 0.14962557 1 => (85.27339 0.08088102 1)
RAN (0.7 1.3) => 0.9093811
RAN (0.015 0.03) => 0.024585422
POL-VPT (85.147514 0.0 1) 0.0 6.4955792 1 => (91.6431 0.0 1)
RAN (0.0 6.28) => 1.5713338
POL-VPT (91.6431 0.0 1) 1.5713338 0.15969656 1 => (91.64301 0.15969655 1)
RAN (0.7 1.3) => 0.8699024
RAN (0.015 0.03) => 0.01908166
POL-VPT (91.6431 0.0 1) 0.0 6.213588 1 => (97.85668 0.0 1)
RAN (0.0 6.28) => 0.19610177
POL-VPT (97.85668 0.0 1) 0.19610177 0.118565574 1 => (97.97298 0.023102183 1)
RAN (8 14) => 9
RAN (0.7 1.3) => 1.0126418
RAN (0.015 0.03) => 0.022856006
POL-VPT (100 0 1) 3.1415927 11.2515745 1 => (88.74843 -9.836439e-7 1)
RAN (0.0 6.28) => 0.17440411
POL-VPT (88.74843 -9.836439e-7 1) 0.17440411 0.25716606 1 => (89.00169 0.044622812 1)
RAN (0.7 1.3) => 1.0635493
RAN (0.015 0.03) => 0.02559181
POL-VPT (88.74843 -9.836439e-7 1) 3.1415927 11.817214 1 => (76.93121 -2.0167377e-6 1)
RAN (0.0 6.28) => 5.7587714
POL-VPT (76.93121 -2.0167377e-6 1) 5.7587714 0.3024239 1 => (77.19299 -0.15142739 1)
RAN (0.7 1.3) => 1.1367315
RAN (0.015 0.03) => 0.02666841
POL-VPT (76.93121 -2.0167377e-6 1) 3.1415927 12.630349 1 => (64.300865 -3.1209179e-6 1)
RAN (0.0 6.28) => 2.795291
POL-VPT (64.300865 -3.1209179e-6 1) 2.795291 0.33683133 1 => (63.98403 0.11432464 1)
RAN (0.7 1.3) => 1.2194088
RAN (0.015 0.03) => 0.020215953
POL-VPT (64.300865 -3.1209179e-6 1) 3.1415927 13.5489855 1 => (50.75188 -4.305408e-6 1)
RAN (0.0 6.28) => 1.4422972
POL-VPT (50.75188 -4.305408e-6 1) 1.4422972 0.27390566 1 => (50.78698 0.27164313 1)
RAN (0.7 1.3) => 1.147473
RAN (0.015 0.03) => 0.024660796
POL-VPT (50.75188 -4.305408e-6 1) 3.1415927 12.7497 1 => (38.002182 -5.420022e-6 1)
RAN (0.0 6.28) => 5.4724545
POL-VPT (38.002182 -5.420022e-6 1) 5.4724545 0.31441775 1 => (38.218807 -0.22789252 1)
RAN (0.7 1.3) => 0.77779156
RAN (0.015 0.03) => 0.02329967
POL-VPT (38.002182 -5.420022e-6 1) 3.1415927 8.642128 1 => (29.360054 -6.175541e-6 1)
RAN (0.0 6.28) => 4.151515
POL-VPT (29.360054 -6.175541e-6 1) 4.151515 0.20135874 1 => (29.252947 -0.17051484 1)
RAN (0.7 1.3) => 0.7362613
RAN (0.015 0.03) => 0.01923402
POL-VPT (29.360054 -6.175541e-6 1) 3.1415927 8.180681 1 => (21.179373 -6.890719e-6 1)
RAN (0.0 6.28) => 0.09980007
POL-VPT (21.179373 -6.890719e-6 1) 0.09980007 0.15734738 1 => (21.335937 0.015670335 1)
RAN (0.7 1.3) => 0.8063977
RAN (0.015 0.03) => 0.023327798
POL-VPT (21.179373 -6.890719e-6 1) 3.1415927 8.959974 1 => (12.2193985 -7.674024e-6 1)
RAN (0.0 6.28) => 4.2011113
POL-VPT (12.2193985 -7.674024e-6 1) 4.2011113 0.20901647 1 => (12.117128 -0.18229514 1)
RAN (0.7 1.3) => 1.1194824
RAN (0.015 0.03) => 0.02924642
POL-VPT (12.2193985 -7.674024e-6 1) 3.1415927 12.438693 1 => (-0.21929455 -8.76145e-6 1)
RAN (0.0 6.28) => 5.1013703
POL-VPT (-0.21929455 -8.76145e-6 1) 5.1013703 0.36378723 1 => (-0.08132967 -0.3366196 1)
RESULT ((:POINT (0 0 1)) (:POINT (7.555421 -0.040425472 1)) (:POINT (13.921276 -0.104325764 1)) (:POINT (20.580858 0.18425399 1)) (:POINT (27.878508 0.07754727 1)) (:POINT (36.261326 -0.10281398 1)) (:POINT (45.862865 -0.040571317 1)) (:POINT (51.611008 -0.10205073 1)) (:POINT (59.594196 -0.03843426 1)) (:POINT (65.60524 -0.14466438 1)) (:POINT (72.281715 0.15451412 1)) (:POINT (78.645164 -0.011892957 1)) (:POINT (85.27339 0.08088102 1)) (:POINT (91.64301 0.15969655 1)) (:POINT (100 0 1)) (:POINT (100 0 1)) (:POINT (89.00169 0.044622812 1)) (:POINT (77.19299 -0.15142739 1)) (:POINT (63.98403 0.11432464 1)) (:POINT (50.78698 0.27164313 1)) (:POINT (38.218807 -0.22789252 1)) (:POINT (29.252947 -0.17051484 1)) (:POINT (21.335937 0.015670335 1)) (:POINT (12.117128 -0.18229514 1)) (:POINT (0 0 1)))
EDGE-AFTER ((:POINT (0 0 1)) (:POINT (100 0 1)))
AFTER "FDEX" 0
AFTER "TDEX" 1
AFTER "FROM" 0
AFTER "TO" 1
NEXT-RANDOM 323
CALLS 117
ENDCASE
TRY seed=1 vis=1 bounds=((2 3) (12 18))
CONSTRUCTED ((:POINT (2 3 1)) (:POINT (12 18 1)))
RAN (8 14) => 14
RAN (0.7 1.3) => 1.0894606
RAN (0.015 0.03) => 0.029558564
POL-VPT (2 3 1) 0.98279375 1.402895 1 => (2.778186 4.1672792 1)
RAN (0.0 6.28) => 3.3182573
POL-VPT (2.778186 4.1672792 1) 3.3182573 0.04146756 1 => (2.737364 4.1599913 1)
RAN (0.7 1.3) => 0.8431163
RAN (0.015 0.03) => 0.026048847
POL-VPT (2.778186 4.1672792 1) 0.98279375 1.0856782 1 => (3.380412 5.070618 1)
RAN (0.0 6.28) => 5.5556464
POL-VPT (3.380412 5.070618 1) 5.5556464 0.028280666 1 => (3.4015324 5.0518107 1)
RAN (0.7 1.3) => 0.9525939
RAN (0.015 0.03) => 0.027379356
POL-VPT (3.380412 5.070618 1) 0.98279375 1.2266521 1 => (4.0608363 6.091254 1)
RAN (0.0 6.28) => 1.7189851
POL-VPT (4.0608363 6.091254 1) 1.7189851 0.033584945 1 => (4.0558777 6.124471 1)
RAN (0.7 1.3) => 1.0328707
RAN (0.015 0.03) => 0.017967017
POL-VPT (4.0608363 6.091254 1) 0.98279375 1.3300242 1 => (4.798601 7.1979012 1)
RAN (0.0 6.28) => 2.5166848
POL-VPT (4.798601 7.1979012 1) 2.5166848 0.02389657 1 => (4.7792206 7.211881 1)
RAN (0.7 1.3) => 1.1723082
RAN (0.015 0.03) => 0.016988447
POL-VPT (4.798601 7.1979012 1) 0.98279375 1.5095775 1 => (5.635964 8.453946 1)
RAN (0.0 6.28) => 3.9493577
POL-VPT (5.635964 8.453946 1) 3.9493577 0.025645377 1 => (5.61824 8.435411 1)
RAN (0.7 1.3) => 1.2969463
RAN (0.015 0.03) => 0.026202638
POL-VPT (5.635964 8.453946 1) 0.98279375 1.6700736 1 => (6.562354 9.843532 1)
RAN (0.0 6.28) => 6.1152573
POL-VPT (6.562354 9.843532 1) 6.1152573 0.043760333 1 => (6.605499 9.836218 1)
RAN (0.7 1.3) => 0.8529096
RAN (0.015 0.03) => 0.024004467
POL-VPT (6.562354 9.843532 1) 0.98279375 1.098289 1 => (7.171575 10.757363 1)
RAN (0.0 6.28) => 3.9139547
POL-VPT (7.171575 10.757363 1) 3.9139547 0.026363842 1 => (7.1526914 10.738966 1)
RAN (0.7 1.3) => 1.1294334
RAN (0.015 0.03) => 0.02389964
POL-VPT (7.171575 10.757363 1) 0.98279375 1.4543678 1 => (7.978313 11.96747 1)
RAN (0.0 6.28) => 3.342277
POL-VPT (7.978313 11.96747 1) 3.342277 0.034758866 1 => (7.9442515 11.960542 1)
RAN (0.7 1.3) => 0.81404835
RAN (0.015 0.03) => 0.024912598
POL-VPT (7.978313 11.96747 1) 0.98279375 1.0482475 1 => (8.559776 12.839664 1)
RAN (0.0 6.28) => 4.76404
POL-VPT (8.559776 12.839664 1) 4.76404 0.026114566 1 => (8.561125 12.813584 1)
RAN (0.7 1.3) => 0.9409273
RAN (0.015 0.03) => 0.023638584
POL-VPT (8.559776 12.839664 1) 0.98279375 1.2116292 1 => (9.231867 13.847801 1)
RAN (0.0 6.28) => 1.8055785
POL-VPT (9.231867 13.847801 1) 1.8055785 0.028641198 1 => (9.225204 13.875657 1)
RAN (0.7 1.3) => 0.9014426
RAN (0.015 0.03) => 0.017550766
POL-VPT (9.231867 13.847801 1) 0.98279375 1.1607847 1 => (9.875754 14.813633 1)
RAN (0.0 6.28) => 3.2470286
POL-VPT (9.875754 14.813633 1) 3.2470286 0.02037266 1 => (9.8554945 14.811489 1)
RAN (0.7 1.3) => 0.8945959
RAN (0.015 0.03) => 0.02341569
POL-VPT (9.875754 14.813633 1) 0.98279375 1.1519684 1 => (10.514751 15.772129 1)
RAN (0.0 6.28) => 0.57109797
POL-VPT (10.514751 15.772129 1) 0.57109797 0.026974134 1 => (10.537445 15.78671 1)
RAN (0.7 1.3) => 0.9093811
RAN (0.015 0.03) => 0.024585422
POL-VPT (10.514751 15.772129 1) 0.98279375 1.1710072 1 => (11.1643095 16.746466 1)
RAN (0.0 6.28) => 1.5713338
POL-VPT (11.1643095 16.746466 1) 1.5713338 0.028789705 1 => (11.164294 16.775255 1)
RAN (0.7 1.3) => 0.8699024
RAN (0.015 0.03) => 0.01908166
POL-VPT (11.1643095 16.746466 1) 0.98279375 1.1201706 1 => (11.785668 17.678505 1)
RAN (0.0 6.28) => 0.19610177
POL-VPT (11.785668 17.678505 1) 0.19610177 0.021374714 1 => (11.806633 17.68267 1)
RAN (8 14) => 9
RAN (0.7 1.3) => 1.0126418
RAN (0.015 0.03) => 0.022856006
POL-VPT (12 18 1) -2.158799 2.0284066 1 => (10.874843 16.312263 1)
RAN (0.0 6.28) => 0.17440411
POL-VPT (10.874843 16.312263 1) 0.17440411 0.046361275 1 => (10.920501 16.320309 1)
RAN (0.7 1.3) => 1.0635493
RAN (0.015 0.03) => 0.02559181
POL-VPT (10.874843 16.312263 1) -2.158799 2.1303785 1 => (9.693121 14.539681 1)
RAN (0.0 6.28) => 5.7587714
POL-VPT (9.693121 14.539681 1) 5.7587714 0.05452024 1 => (9.7403145 14.5123825 1)
RAN (0.7 1.3) => 1.1367315
RAN (0.015 0.03) => 0.02666841
POL-VPT (9.693121 14.539681 1) -2.158799 2.2769687 1 => (8.430086 12.645129 1)
RAN (0.0 6.28) => 2.795291
POL-VPT (8.430086 12.645129 1) 2.795291 0.060723137 1 => (8.372968 12.66574 1)
RAN (0.7 1.3) => 1.2194088
RAN (0.015 0.03) => 0.020215953
POL-VPT (8.430086 12.645129 1) -2.158799 2.442578 1 => (7.0751877 10.612782 1)
RAN (0.0 6.28) => 1.4422972
POL-VPT (7.0751877 10.612782 1) 1.4422972 0.049379043 1 => (7.0815153 10.661754 1)
RAN (0.7 1.3) => 1.147473
RAN (0.015 0.03) => 0.024660796
POL-VPT (7.0751877 10.612782 1) -2.158799 2.2984848 1 => (5.8002176 8.700327 1)
RAN (0.0 6.28) => 5.4724545
POL-VPT (5.8002176 8.700327 1) 5.4724545 0.056682464 1 => (5.83927 8.659244 1)
RAN (0.7 1.3) => 0.77779156
RAN (0.015 0.03) => 0.02329967
POL-VPT (5.8002176 8.700327 1) -2.158799 1.5579817 1 => (4.9360046 7.404008 1)
RAN (0.0 6.28) => 4.151515
POL-VPT (4.9360046 7.404008 1) 4.151515 0.03630046 1 => (4.9166956 7.373269 1)
RAN (0.7 1.3) => 0.7362613
RAN (0.015 0.03) => 0.01923402
POL-VPT (4.9360046 7.404008 1) -2.158799 1.4747932 1 => (4.1179366 6.1769056 1)
RAN (0.0 6.28) => 0.09980007
POL-VPT (4.1179366 6.1769056 1) 0.09980007 0.028366202 1 => (4.1461616 6.179732 1)
RAN (0.7 1.3) => 0.8063977
RAN (0.015 0.03) => 0.023327798
POL-VPT (4.1179366 6.1769056 1) -2.158799 1.6152823 1 => (3.221939 4.8329096 1)
RAN (0.0 6.28) => 4.2011113
POL-VPT (3.221939 4.8329096 1) 4.2011113 0.03768098 1 => (3.2035022 4.8000474 1)
RAN (0.7 1.3) => 1.1194824
RAN (0.015 0.03) => 0.02924642
POL-VPT (3.221939 4.8329096 1) -2.158799 2.2424173 1 => (1.9780698 2.9671056 1)
RAN (0.0 6.28) => 5.1013703
POL-VPT (1.9780698 2.9671056 1) 5.1013703 0.06558268 1 => (2.0029418 2.9064221 1)
RESULT ((:POINT (2 3 1)) (:POINT (2.737364 4.1599913 1)) (:POINT (3.4015324 5.0518107 1)) (:POINT (4.0558777 6.124471 1)) (:POINT (4.7792206 7.211881 1)) (:POINT (5.61824 8.435411 1)) (:POINT (6.605499 9.836218 1)) (:POINT (7.1526914 10.738966 1)) (:POINT (7.9442515 11.960542 1)) (:POINT (8.561125 12.813584 1)) (:POINT (9.225204 13.875657 1)) (:POINT (9.8554945 14.811489 1)) (:POINT (10.537445 15.78671 1)) (:POINT (11.164294 16.775255 1)) (:POINT (12 18 1)) (:POINT (12 18 1)) (:POINT (10.920501 16.320309 1)) (:POINT (9.7403145 14.5123825 1)) (:POINT (8.372968 12.66574 1)) (:POINT (7.0815153 10.661754 1)) (:POINT (5.83927 8.659244 1)) (:POINT (4.9166956 7.373269 1)) (:POINT (4.1461616 6.179732 1)) (:POINT (3.2035022 4.8000474 1)) (:POINT (2 3 1)))
EDGE-AFTER ((:POINT (2 3 1)) (:POINT (12 18 1)))
AFTER "FDEX" 0
AFTER "TDEX" 1
AFTER "FROM" 0
AFTER "TO" 1
NEXT-RANDOM 323
CALLS 117
ENDCASE
TRY seed=1234 vis=0 bounds=((0 0) (10 0))
CONSTRUCTED ((:POINT (0 0 0)) (:POINT (10 0 0)))
RESULT ((:POINT (0 0 0)) (:POINT (10 0 0)) (:POINT (10 0 0)) (:POINT (0 0 0)))
EDGE-AFTER ((:POINT (0 0 0)) (:POINT (10 0 0)))
AFTER "FDEX" 0
AFTER "TDEX" 1
AFTER "FROM" 0
AFTER "TO" 1
NEXT-RANDOM 413
CALLS 0
ENDCASE
TRY seed=1234 vis=0 bounds=((0 0) (100 0))
CONSTRUCTED ((:POINT (0 0 0)) (:POINT (100 0 0)))
RESULT ((:POINT (0 0 0)) (:POINT (100 0 0)) (:POINT (100 0 0)) (:POINT (0 0 0)))
EDGE-AFTER ((:POINT (0 0 0)) (:POINT (100 0 0)))
AFTER "FDEX" 0
AFTER "TDEX" 1
AFTER "FROM" 0
AFTER "TO" 1
NEXT-RANDOM 413
CALLS 0
ENDCASE
TRY seed=1234 vis=0 bounds=((2 3) (12 18))
CONSTRUCTED ((:POINT (2 3 0)) (:POINT (12 18 0)))
RESULT ((:POINT (2 3 0)) (:POINT (12 18 0)) (:POINT (12 18 0)) (:POINT (2 3 0)))
EDGE-AFTER ((:POINT (2 3 0)) (:POINT (12 18 0)))
AFTER "FDEX" 0
AFTER "TDEX" 1
AFTER "FROM" 0
AFTER "TO" 1
NEXT-RANDOM 413
CALLS 0
ENDCASE
TRY seed=1234 vis=1 bounds=((0 0) (10 0))
CONSTRUCTED ((:POINT (0 0 1)) (:POINT (10 0 1)))
RAN (8 14) => 10
RAN (0.7 1.3) => 1.1809812
RAN (0.015 0.03) => 0.016288204
POL-VPT (0 0 1) 0.0 1.1809812 1 => (1.1809812 0.0 1)
RAN (0.0 6.28) => 4.9284906
POL-VPT (1.1809812 0.0 1) 4.9284906 0.019236062 1 => (1.1851058 -0.018788645 1)
RAN (0.7 1.3) => 0.9866145
RAN (0.015 0.03) => 0.029183518
POL-VPT (1.1809812 0.0 1) 0.0 0.9866145 1 => (2.1675956 0.0 1)
RAN (0.0 6.28) => 5.308867
POL-VPT (2.1675956 0.0 1) 5.308867 0.028792882 1 => (2.1837695 -0.023820903 1)
RAN (0.7 1.3) => 0.9836312
RAN (0.015 0.03) => 0.026354747
POL-VPT (2.1675956 0.0 1) 0.0 0.9836312 1 => (3.1512268 0.0 1)
RAN (0.0 6.28) => 2.7761927
POL-VPT (3.1512268 0.0 1) 2.7761927 0.02592335 1 => (3.1270149 0.009263007 1)
RAN (0.7 1.3) => 1.0469158
RAN (0.015 0.03) => 0.024242228
POL-VPT (3.1512268 0.0 1) 0.0 1.0469158 1 => (4.1981425 0.0 1)
RAN (0.0 6.28) => 0.52255166
POL-VPT (4.1981425 0.0 1) 0.52255166 0.02537957 1 => (4.220135 0.012666764 1)
RAN (0.7 1.3) => 0.8875543
RAN (0.015 0.03) => 0.020677222
POL-VPT (4.1981425 0.0 1) 0.0 0.8875543 1 => (5.0856967 0.0 1)
RAN (0.0 6.28) => 0.20034766
POL-VPT (5.0856967 0.0 1) 0.20034766 0.018352157 1 => (5.1036816 0.0036522634 1)
RAN (0.7 1.3) => 0.78826994
RAN (0.015 0.03) => 0.02845928
POL-VPT (5.0856967 0.0 1) 0.0 0.78826994 1 => (5.8739667 0.0 1)
RAN (0.0 6.28) => 4.7043457
POL-VPT (5.8739667 0.0 1) 4.7043457 0.022433596 1 => (5.8737864 -0.02243287 1)
RAN (0.7 1.3) => 1.1534659
RAN (0.015 0.03) => 0.019723125
POL-VPT (5.8739667 0.0 1) 0.0 1.1534659 1 => (7.0274324 0.0 1)
RAN (0.0 6.28) => 3.9226274
POL-VPT (7.0274324 0.0 1) 3.9226274 0.022749951 1 => (7.011276 -0.0160163 1)
RAN (0.7 1.3) => 1.0845981
RAN (0.015 0.03) => 0.029071253
POL-VPT (7.0274324 0.0 1) 0.0 1.0845981 1 => (8.11203 0.0 1)
RAN (0.0 6.28) => 5.9013734
POL-VPT (8.11203 0.0 1) 5.9013734 0.031530626 1 => (8.14129 -0.011748391 1)
RAN (0.7 1.3) => 1.1409208
RAN (0.015 0.03) => 0.017465044
POL-VPT (8.11203 0.0 1) 0.0 1.1409208 1 => (9.252951 0.0 1)
RAN (0.0 6.28) => 4.998564
POL-VPT (9.252951 0.0 1) 4.998564 0.019926231 1 => (9.258575 -0.019115845 1)
RAN (0.7 1.3) => 1.2367209
RAN (0.015 0.03) => 0.023656819
POL-VPT (9.252951 0.0 1) 0.0 1.2367209 1 => (10.489672 0.0 1)
RAN (0.0 6.28) => 1.3624113
POL-VPT (10.489672 0.0 1) 1.3624113 0.029256882 1 => (10.495725 0.028623948 1)
RAN (8 14) => 10
RAN (0.7 1.3) => 0.9408483
RAN (0.015 0.03) => 0.015998349
POL-VPT (10 0 1) 3.1415927 0.9408483 1 => (9.059152 -8.225157e-8 1)
RAN (0.0 6.28) => 1.7079113
POL-VPT (9.059152 -8.225157e-8 1) 1.7079113 0.015052019 1 => (9.057095 0.014910665 1)
RAN (0.7 1.3) => 0.763618
RAN (0.015 0.03) => 0.025537122
POL-VPT (9.059152 -8.225157e-8 1) 3.1415927 0.763618 1 => (8.295534 -1.4900917e-7 1)
RAN (0.0 6.28) => 5.776636
POL-VPT (8.295534 -1.4900917e-7 1) 5.776636 0.019500606 1 => (8.312586 -0.009461115 1)
RAN (0.7 1.3) => 0.73719555
RAN (0.015 0.03) => 0.025366513
POL-VPT (8.295534 -1.4900917e-7 1) 3.1415927 0.73719555 1 => (7.5583386 -2.1345684e-7 1)
RAN (0.0 6.28) => 4.3797007
POL-VPT (7.5583386 -2.1345684e-7 1) 4.3797007 0.01870008 1 => (7.5522313 -0.017674927 1)
RAN (0.7 1.3) => 1.0744835
RAN (0.015 0.03) => 0.026368573
POL-VPT (7.5583386 -2.1345684e-7 1) 3.1415927 1.0744835 1 => (6.4838552 -3.073912e-7 1)
RAN (0.0 6.28) => 3.802144
POL-VPT (6.4838552 -3.073912e-7 1) 3.802144 0.028332597 1 => (6.4614825 -0.017383838 1)
RAN (0.7 1.3) => 0.963439
RAN (0.015 0.03) => 0.019038487
POL-VPT (6.4838552 -3.073912e-7 1) 3.1415927 0.963439 1 => (5.5204163 -3.916177e-7 1)
RAN (0.0 6.28) => 3.3635588
POL-VPT (5.5204163 -3.916177e-7 1) 3.3635588 0.01834242 1 => (5.502524 -0.0040384373 1)
RAN (0.7 1.3) => 1.2299844
RAN (0.015 0.03) => 0.025888305
POL-VPT (5.5204163 -3.916177e-7 1) 3.1415927 1.2299844 1 => (4.290432 -4.991464e-7 1)
RAN (0.0 6.28) => 2.9921875
POL-VPT (4.290432 -4.991464e-7 1) 2.9921875 0.031842213 1 => (4.2589445 0.0047392123 1)
RAN (0.7 1.3) => 0.93584126
RAN (0.015 0.03) => 0.022318656
POL-VPT (4.290432 -4.991464e-7 1) 3.1415927 0.93584126 1 => (3.3545907 -5.809602e-7 1)
RAN (0.0 6.28) => 1.1623492
POL-VPT (3.3545907 -5.809602e-7 1) 1.1623492 0.02088672 1 => (3.3628864 0.01916797 1)
RAN (0.7 1.3) => 0.73882097
RAN (0.015 0.03) => 0.018128991
POL-VPT (3.3545907 -5.809602e-7 1) 3.1415927 0.73882097 1 => (2.6157696 -6.4554996e-7 1)
RAN (0.0 6.28) => 4.9111924
POL-VPT (2.6157696 -6.4554996e-7 1) 4.9111924 0.013394079 1 => (2.6184149 -0.013130909 1)
RAN (0.7 1.3) => 1.0954055
RAN (0.015 0.03) => 0.015026784
POL-VPT (2.6157696 -6.4554996e-7 1) 3.1415927 1.0954055 1 => (1.5203642 -7.4131333e-7 1)
RAN (0.0 6.28) => 1.6167006
POL-VPT (1.5203642 -7.4131333e-7 1) 1.6167006 0.01646042 1 => (1.5196089 0.01644234 1)
RAN (0.7 1.3) => 0.7847386
RAN (0.015 0.03) => 0.029540434
POL-VPT (1.5203642 -7.4131333e-7 1) 3.1415927 0.7847386 1 => (0.73562557 -8.0991737e-7 1)
RAN (0.0 6.28) => 0.3181479
POL-VPT (0.73562557 -8.0991737e-7 1) 0.3181479 0.023181519 1 => (0.75764376 0.0072505535 1)
RESULT ((:POINT (0 0 1)) (:POINT (1.1851058 -0.018788645 1)) (:POINT (2.1837695 -0.023820903 1)) (:POINT (3.1270149 0.009263007 1)) (:POINT (4.220135 0.012666764 1)) (:POINT (5.1036816 0.0036522634 1)) (:POINT (5.8737864 -0.02243287 1)) (:POINT (7.011276 -0.0160163 1)) (:POINT (8.14129 -0.011748391 1)) (:POINT (9.258575 -0.019115845 1)) (:POINT (10 0 1)) (:POINT (10 0 1)) (:POINT (9.057095 0.014910665 1)) (:POINT (8.312586 -0.009461115 1)) (:POINT (7.5522313 -0.017674927 1)) (:POINT (6.4614825 -0.017383838 1)) (:POINT (5.502524 -0.0040384373 1)) (:POINT (4.2589445 0.0047392123 1)) (:POINT (3.3628864 0.01916797 1)) (:POINT (2.6184149 -0.013130909 1)) (:POINT (1.5196089 0.01644234 1)) (:POINT (0 0 1)))
EDGE-AFTER ((:POINT (0 0 1)) (:POINT (10 0 1)))
AFTER "FDEX" 0
AFTER "TDEX" 1
AFTER "FROM" 0
AFTER "TO" 1
NEXT-RANDOM 920
CALLS 102
ENDCASE
TRY seed=1234 vis=1 bounds=((0 0) (100 0))
CONSTRUCTED ((:POINT (0 0 1)) (:POINT (100 0 1)))
RAN (8 14) => 10
RAN (0.7 1.3) => 1.1809812
RAN (0.015 0.03) => 0.016288204
POL-VPT (0 0 1) 0.0 11.809812 1 => (11.809812 0.0 1)
RAN (0.0 6.28) => 4.9284906
POL-VPT (11.809812 0.0 1) 4.9284906 0.19236062 1 => (11.851058 -0.18788646 1)
RAN (0.7 1.3) => 0.9866145
RAN (0.015 0.03) => 0.029183518
POL-VPT (11.809812 0.0 1) 0.0 9.866145 1 => (21.675957 0.0 1)
RAN (0.0 6.28) => 5.308867
POL-VPT (21.675957 0.0 1) 5.308867 0.28792882 1 => (21.837696 -0.23820902 1)
RAN (0.7 1.3) => 0.9836312
RAN (0.015 0.03) => 0.026354747
POL-VPT (21.675957 0.0 1) 0.0 9.836312 1 => (31.512268 0.0 1)
RAN (0.0 6.28) => 2.7761927
POL-VPT (31.512268 0.0 1) 2.7761927 0.25923353 1 => (31.27015 0.09263008 1)
RAN (0.7 1.3) => 1.0469158
RAN (0.015 0.03) => 0.024242228
POL-VPT (31.512268 0.0 1) 0.0 10.469158 1 => (41.981426 0.0 1)
RAN (0.0 6.28) => 0.52255166
POL-VPT (41.981426 0.0 1) 0.52255166 0.2537957 1 => (42.20135 0.12666763 1)
RAN (0.7 1.3) => 0.8875543
RAN (0.015 0.03) => 0.020677222
POL-VPT (41.981426 0.0 1) 0.0 8.875543 1 => (50.856968 0.0 1)
RAN (0.0 6.28) => 0.20034766
POL-VPT (50.856968 0.0 1) 0.20034766 0.18352157 1 => (51.03682 0.036522634 1)
RAN (0.7 1.3) => 0.78826994
RAN (0.015 0.03) => 0.02845928
POL-VPT (50.856968 0.0 1) 0.0 7.8826995 1 => (58.739666 0.0 1)
RAN (0.0 6.28) => 4.7043457
POL-VPT (58.739666 0.0 1) 4.7043457 0.22433595 1 => (58.73786 -0.2243287 1)
RAN (0.7 1.3) => 1.1534659
RAN (0.015 0.03) => 0.019723125
POL-VPT (58.739666 0.0 1) 0.0 11.534658 1 => (70.27432 0.0 1)
RAN (0.0 6.28) => 3.9226274
POL-VPT (70.27432 0.0 1) 3.9226274 0.22749951 1 => (70.112755 -0.160163 1)
RAN (0.7 1.3) => 1.0845981
RAN (0.015 0.03) => 0.029071253
POL-VPT (70.27432 0.0 1) 0.0 10.845981 1 => (81.1203 0.0 1)
RAN (0.0 6.28) => 5.9013734
POL-VPT (81.1203 0.0 1) 5.9013734 0.31530625 1 => (81.4129 -0.1174839 1)
RAN (0.7 1.3) => 1.1409208
RAN (0.015 0.03) => 0.017465044
POL-VPT (81.1203 0.0 1) 0.0 11.409207 1 => (92.52951 0.0 1)
RAN (0.0 6.28) => 4.998564
POL-VPT (92.52951 0.0 1) 4.998564 0.1992623 1 => (92.58576 -0.19115844 1)
RAN (0.7 1.3) => 1.2367209
RAN (0.015 0.03) => 0.023656819
POL-VPT (92.52951 0.0 1) 0.0 12.367209 1 => (104.89672 0.0 1)
RAN (0.0 6.28) => 1.3624113
POL-VPT (104.89672 0.0 1) 1.3624113 0.29256883 1 => (104.957245 0.2862395 1)
RAN (8 14) => 10
RAN (0.7 1.3) => 0.9408483
RAN (0.015 0.03) => 0.015998349
POL-VPT (100 0 1) 3.1415927 9.408483 1 => (90.591515 -8.225157e-7 1)
RAN (0.0 6.28) => 1.7079113
POL-VPT (90.591515 -8.225157e-7 1) 1.7079113 0.15052019 1 => (90.57094 0.14910667 1)
RAN (0.7 1.3) => 0.763618
RAN (0.015 0.03) => 0.025537122
POL-VPT (90.591515 -8.225157e-7 1) 3.1415927 7.63618 1 => (82.95534 -1.4900918e-6 1)
RAN (0.0 6.28) => 5.776636
POL-VPT (82.95534 -1.4900918e-6 1) 5.776636 0.19500606 1 => (83.125854 -0.09461115 1)
RAN (0.7 1.3) => 0.73719555
RAN (0.015 0.03) => 0.025366513
POL-VPT (82.95534 -1.4900918e-6 1) 3.1415927 7.3719554 1 => (75.58338 -2.1345686e-6 1)
RAN (0.0 6.28) => 4.3797007
POL-VPT (75.58338 -2.1345686e-6 1) 4.3797007 0.1870008 1 => (75.52231 -0.17674926 1)
RAN (0.7 1.3) => 1.0744835
RAN (0.015 0.03) => 0.026368573
POL-VPT (75.58338 -2.1345686e-6 1) 3.1415927 10.744835 1 => (64.83855 -3.073912e-6 1)
RAN (0.0 6.28) => 3.802144
POL-VPT (64.83855 -3.073912e-6 1) 3.802144 0.28332597 1 => (64.614815 -0.17383838 1)
RAN (0.7 1.3) => 0.963439
RAN (0.015 0.03) => 0.019038487
POL-VPT (64.83855 -3.073912e-6 1) 3.1415927 9.63439 1 => (55.204155 -3.9161773e-6 1)
RAN (0.0 6.28) => 3.3635588
POL-VPT (55.204155 -3.9161773e-6 1) 3.3635588 0.1834242 1 => (55.02523 -0.040384375 1)
RAN (0.7 1.3) => 1.2299844
RAN (0.015 0.03) => 0.025888305
POL-VPT (55.204155 -3.9161773e-6 1) 3.1415927 12.299844 1 => (42.904312 -4.991464e-6 1)
RAN (0.0 6.28) => 2.9921875
POL-VPT (42.904312 -4.991464e-6 1) 2.9921875 0.3184221 1 => (42.589436 0.04739212 1)
RAN (0.7 1.3) => 0.93584126
RAN (0.015 0.03) => 0.022318656
POL-VPT (42.904312 -4.991464e-6 1) 3.1415927 9.358413 1 => (33.5459 -5.809602e-6 1)
RAN (0.0 6.28) => 1.1623492
POL-VPT (33.5459 -5.809602e-6 1) 1.1623492 0.20886719 1 => (33.628857 0.1916797 1)
RAN (0.7 1.3) => 0.73882097
RAN (0.015 0.03) => 0.018128991
POL-VPT (33.5459 -5.809602e-6 1) 3.1415927 7.38821 1 => (26.157688 -6.4554997e-6 1)
RAN (0.0 6.28) => 4.9111924
POL-VPT (26.157688 -6.4554997e-6 1) 4.9111924 0.13394079 1 => (26.184141 -0.13130909 1)
RAN (0.7 1.3) => 1.0954055
RAN (0.015 0.03) => 0.015026784
POL-VPT (26.157688 -6.4554997e-6 1) 3.1415927 10.954055 1 => (15.203633 -7.4131335e-6 1)
RAN (0.0 6.28) => 1.6167006
POL-VPT (15.203633 -7.4131335e-6 1) 1.6167006 0.16460422 1 => (15.19608 0.16442342 1)
RAN (0.7 1.3) => 0.7847386
RAN (0.015 0.03) => 0.029540434
POL-VPT (15.203633 -7.4131335e-6 1) 3.1415927 7.847386 1 => (7.3562474 -8.099174e-6 1)
RAN (0.0 6.28) => 0.3181479
POL-VPT (7.3562474 -8.099174e-6 1) 0.3181479 0.23181519 1 => (7.5764294 0.07250553 1)
RESULT ((:POINT (0 0 1)) (:POINT (11.851058 -0.18788646 1)) (:POINT (21.837696 -0.23820902 1)) (:POINT (31.27015 0.09263008 1)) (:POINT (42.20135 0.12666763 1)) (:POINT (51.03682 0.036522634 1)) (:POINT (58.73786 -0.2243287 1)) (:POINT (70.112755 -0.160163 1)) (:POINT (81.4129 -0.1174839 1)) (:POINT (92.58576 -0.19115844 1)) (:POINT (100 0 1)) (:POINT (100 0 1)) (:POINT (90.57094 0.14910667 1)) (:POINT (83.125854 -0.09461115 1)) (:POINT (75.52231 -0.17674926 1)) (:POINT (64.614815 -0.17383838 1)) (:POINT (55.02523 -0.040384375 1)) (:POINT (42.589436 0.04739212 1)) (:POINT (33.628857 0.1916797 1)) (:POINT (26.184141 -0.13130909 1)) (:POINT (15.19608 0.16442342 1)) (:POINT (0 0 1)))
EDGE-AFTER ((:POINT (0 0 1)) (:POINT (100 0 1)))
AFTER "FDEX" 0
AFTER "TDEX" 1
AFTER "FROM" 0
AFTER "TO" 1
NEXT-RANDOM 920
CALLS 102
ENDCASE
TRY seed=1234 vis=1 bounds=((2 3) (12 18))
CONSTRUCTED ((:POINT (2 3 1)) (:POINT (12 18 1)))
RAN (8 14) => 10
RAN (0.7 1.3) => 1.1809812
RAN (0.015 0.03) => 0.016288204
POL-VPT (2 3 1) 0.98279375 2.129044 1 => (3.1809812 4.771472 1)
RAN (0.0 6.28) => 4.9284906
POL-VPT (3.1809812 4.771472 1) 4.9284906 0.034678303 1 => (3.188417 4.7376003 1)
RAN (0.7 1.3) => 0.9866145
RAN (0.015 0.03) => 0.029183518
POL-VPT (3.1809812 4.771472 1) 0.98279375 1.7786446 1 => (4.167596 6.251394 1)
RAN (0.0 6.28) => 5.308867
POL-VPT (4.167596 6.251394 1) 5.308867 0.051907107 1 => (4.196754 6.20845 1)
RAN (0.7 1.3) => 0.9836312
RAN (0.015 0.03) => 0.026354747
POL-VPT (4.167596 6.251394 1) 0.98279375 1.7732663 1 => (5.151227 7.7268405 1)
RAN (0.0 6.28) => 2.7761927
POL-VPT (5.151227 7.7268405 1) 2.7761927 0.046733987 1 => (5.1075783 7.74354 1)
RAN (0.7 1.3) => 1.0469158
RAN (0.015 0.03) => 0.024242228
POL-VPT (5.151227 7.7268405 1) 0.98279375 1.8873543 1 => (6.198143 9.2972145 1)
RAN (0.0 6.28) => 0.52255166
POL-VPT (6.198143 9.2972145 1) 0.52255166 0.045753673 1 => (6.2377906 9.32005 1)
RAN (0.7 1.3) => 0.8875543
RAN (0.015 0.03) => 0.020677222
POL-VPT (6.198143 9.2972145 1) 0.98279375 1.6000612 1 => (7.085697 10.628546 1)
RAN (0.0 6.28) => 0.20034766
POL-VPT (7.085697 10.628546 1) 0.20034766 0.03308482 1 => (7.11812 10.63513 1)
RAN (0.7 1.3) => 0.78826994
RAN (0.015 0.03) => 0.02845928
POL-VPT (7.085697 10.628546 1) 0.98279375 1.4210738 1 => (7.873967 11.81095 1)
RAN (0.0 6.28) => 4.7043457
POL-VPT (7.873967 11.81095 1) 4.7043457 0.04044274 1 => (7.873642 11.770509 1)
RAN (0.7 1.3) => 1.1534659
RAN (0.015 0.03) => 0.019723125
POL-VPT (7.873967 11.81095 1) 0.98279375 2.07944 1 => (9.027433 13.541149 1)
RAN (0.0 6.28) => 3.9226274
POL-VPT (9.027433 13.541149 1) 3.9226274 0.04101306 1 => (8.998306 13.512276 1)
RAN (0.7 1.3) => 1.0845981
RAN (0.015 0.03) => 0.029071253
POL-VPT (9.027433 13.541149 1) 0.98279375 1.955287 1 => (10.112032 15.168046 1)
RAN (0.0 6.28) => 5.9013734
POL-VPT (10.112032 15.168046 1) 5.9013734 0.056842644 1 => (10.164782 15.146866 1)
RAN (0.7 1.3) => 1.1409208
RAN (0.015 0.03) => 0.017465044
POL-VPT (10.112032 15.168046 1) 0.98279375 2.0568242 1 => (11.252953 16.879427 1)
RAN (0.0 6.28) => 4.998564
POL-VPT (11.252953 16.879427 1) 4.998564 0.035922524 1 => (11.263093 16.844965 1)
RAN (0.7 1.3) => 1.2367209
RAN (0.015 0.03) => 0.023656819
POL-VPT (11.252953 16.879427 1) 0.98279375 2.2295303 1 => (12.489674 18.734509 1)
RAN (0.0 6.28) => 1.3624113
POL-VPT (12.489674 18.734509 1) 1.3624113 0.052743595 1 => (12.500586 18.786112 1)
RAN (8 14) => 10
RAN (0.7 1.3) => 0.9408483
RAN (0.015 0.03) => 0.015998349
POL-VPT (12 18 1) -2.158799 1.6961384 1 => (11.059152 16.588728 1)
RAN (0.0 6.28) => 1.7079113
POL-VPT (11.059152 16.588728 1) 1.7079113 0.027135413 1 => (11.055443 16.615608 1)
RAN (0.7 1.3) => 0.763618
RAN (0.015 0.03) => 0.025537122
POL-VPT (11.059152 16.588728 1) -2.158799 1.3766319 1 => (10.295534 15.443301 1)
RAN (0.0 6.28) => 5.776636
POL-VPT (10.295534 15.443301 1) 5.776636 0.035155214 1 => (10.326275 15.426245 1)
RAN (0.7 1.3) => 0.73719555
RAN (0.015 0.03) => 0.025366513
POL-VPT (10.295534 15.443301 1) -2.158799 1.3289982 1 => (9.558338 14.337508 1)
RAN (0.0 6.28) => 4.3797007
POL-VPT (9.558338 14.337508 1) 4.3797007 0.03371205 1 => (9.547328 14.305645 1)
RAN (0.7 1.3) => 1.0744835
RAN (0.015 0.03) => 0.026368573
POL-VPT (9.558338 14.337508 1) -2.158799 1.9370527 1 => (8.483854 12.725783 1)
RAN (0.0 6.28) => 3.802144
POL-VPT (8.483854 12.725783 1) 3.802144 0.051077317 1 => (8.443521 12.694445 1)
RAN (0.7 1.3) => 0.963439
RAN (0.015 0.03) => 0.019038487
POL-VPT (8.483854 12.725783 1) -2.158799 1.7368643 1 => (7.5204153 11.280624 1)
RAN (0.0 6.28) => 3.3635588
POL-VPT (7.5204153 11.280624 1) 3.3635588 0.03306727 1 => (7.488159 11.273345 1)
RAN (0.7 1.3) => 1.2299844
RAN (0.015 0.03) => 0.025888305
POL-VPT (7.5204153 11.280624 1) -2.158799 2.217386 1 => (6.290431 9.435648 1)
RAN (0.0 6.28) => 2.9921875
POL-VPT (6.290431 9.435648 1) 2.9921875 0.057404365 1 => (6.233666 9.444193 1)
RAN (0.7 1.3) => 0.93584126
RAN (0.015 0.03) => 0.022318656
POL-VPT (6.290431 9.435648 1) -2.158799 1.6871119 1 => (5.35459 8.031886 1)
RAN (0.0 6.28) => 1.1623492
POL-VPT (5.35459 8.031886 1) 1.1623492 0.03765407 1 => (5.3695455 8.0664425 1)
RAN (0.7 1.3) => 0.73882097
RAN (0.015 0.03) => 0.018128991
POL-VPT (5.35459 8.031886 1) -2.158799 1.3319285 1 => (4.615769 6.9236546 1)
RAN (0.0 6.28) => 4.9111924
POL-VPT (4.615769 6.9236546 1) 4.9111924 0.02414652 1 => (4.6205378 6.8999834 1)
RAN (0.7 1.3) => 1.0954055
RAN (0.015 0.03) => 0.015026784
POL-VPT (4.615769 6.9236546 1) -2.158799 1.9747703 1 => (3.5203633 5.280546 1)
RAN (0.0 6.28) => 1.6167006
POL-VPT (3.5203633 5.280546 1) 1.6167006 0.029674446 1 => (3.5190017 5.3101892 1)
RAN (0.7 1.3) => 0.7847386
RAN (0.015 0.03) => 0.029540434
POL-VPT (3.5203633 5.280546 1) -2.158799 1.4147077 1 => (2.7356248 4.1034384 1)
RAN (0.0 6.28) => 0.3181479
POL-VPT (2.7356248 4.1034384 1) 0.3181479 0.041791078 1 => (2.7753186 4.116511 1)
RESULT ((:POINT (2 3 1)) (:POINT (3.188417 4.7376003 1)) (:POINT (4.196754 6.20845 1)) (:POINT (5.1075783 7.74354 1)) (:POINT (6.2377906 9.32005 1)) (:POINT (7.11812 10.63513 1)) (:POINT (7.873642 11.770509 1)) (:POINT (8.998306 13.512276 1)) (:POINT (10.164782 15.146866 1)) (:POINT (11.263093 16.844965 1)) (:POINT (12 18 1)) (:POINT (12 18 1)) (:POINT (11.055443 16.615608 1)) (:POINT (10.326275 15.426245 1)) (:POINT (9.547328 14.305645 1)) (:POINT (8.443521 12.694445 1)) (:POINT (7.488159 11.273345 1)) (:POINT (6.233666 9.444193 1)) (:POINT (5.3695455 8.0664425 1)) (:POINT (4.6205378 6.8999834 1)) (:POINT (3.5190017 5.3101892 1)) (:POINT (2 3 1)))
EDGE-AFTER ((:POINT (2 3 1)) (:POINT (12 18 1)))
AFTER "FDEX" 0
AFTER "TDEX" 1
AFTER "FROM" 0
AFTER "TO" 1
NEXT-RANDOM 920
CALLS 102
ENDCASE
RESTORED T
END free-path-behavior
