BEGIN point-behavior
GLOBAL "SEED" value=1 type=FIXNUM
TRY "XYDIST" args=((0 0) (10 0))
RESULT "XYDIST" values=(10.0)
TRY "LOCK-WIGGLE" args=((0 0) (10 0))
RESULT "LOCK-WIGGLE" values=(((7.1970673 0.15549067) (4.7970767 0.14867829) (2.3997333 0.03578293) (0 0)) ((6.396738 0.19876161) (3.1991048 0.075701706) (0 0)) ((6.3974886 0.031672336) (3.1983073 0.10407457) (0 0)) ((6.398382 -0.12844966) (3.1985393 -0.0966889) (0 0)))
TRY "RANDOM" args=(1000)
RESULT "RANDOM" values=(182)
TRY "XYDIST" args=((0 0) (0 10))
RESULT "XYDIST" values=(10.0)
TRY "LOCK-WIGGLE" args=((0 0) (0 10))
RESULT "LOCK-WIGGLE" values=(((-0.1554911 7.1970673) (-0.14867862 4.7970767) (-0.035783026 2.3997333) (0 0)) ((-0.19876203 6.396738) (-0.075701855 3.1991048) (0 0)) ((-0.031672597 6.3974886) (-0.10407458 3.1983073) (0 0)) ((0.12844938 6.398382) (0.09668887 3.1985393) (0 0)))
TRY "RANDOM" args=(1000)
RESULT "RANDOM" values=(182)
TRY "XYDIST" args=((0 0) (-10 0))
RESULT "XYDIST" values=(10.0)
TRY "LOCK-WIGGLE" args=((0 0) (-10 0))
RESULT "LOCK-WIGGLE" values=(((-7.1970673 -0.15549141) (-4.7970767 -0.14867912) (-2.3997333 -0.035783418) (0 0)) ((-6.396738 -0.1987623) (-3.1991048 -0.075702) (0 0)) ((-6.3974886 -0.031673267) (-3.1983073 -0.104075104) (0 0)) ((-6.398382 0.12844872) (-3.1985393 0.09668835) (0 0)))
TRY "RANDOM" args=(1000)
RESULT "RANDOM" values=(182)
TRY "XYDIST" args=((0 0) (0 -10))
RESULT "XYDIST" values=(10.0)
TRY "LOCK-WIGGLE" args=((0 0) (0 -10))
RESULT "LOCK-WIGGLE" values=(((0.15549049 -7.1970673) (0.14867821 -4.7970767) (0.035782814 -2.3997333) (0 0)) ((0.19876146 -6.396738) (0.07570158 -3.1991048) (0 0)) ((0.03167204 -6.3974886) (0.1040743 -3.1983075) (0 0)) ((-0.12844995 -6.398382) (-0.09668915 -3.1985393) (0 0)))
TRY "RANDOM" args=(1000)
RESULT "RANDOM" values=(182)
TRY "XYDIST" args=((0 0) (10 10))
RESULT "XYDIST" values=(14.142136)
TRY "LOCK-WIGGLE" args=((0 0) (10 10))
RESULT "LOCK-WIGGLE" values=(((7.0415764 7.3525577) (4.6483984 4.945755) (2.3639503 2.435516) (0 0)) ((6.197976 6.5954995) (3.1234028 3.2748065) (0 0)) ((6.3658156 6.4291606) (3.0942326 3.302382) (0 0)) ((6.526831 6.2699323) (3.2952278 3.1018505) (0 0)))
TRY "RANDOM" args=(1000)
RESULT "RANDOM" values=(182)
TRY "XYDIST" args=((0 0) (-10 10))
RESULT "XYDIST" values=(14.142136)
TRY "LOCK-WIGGLE" args=((0 0) (-10 10))
RESULT "LOCK-WIGGLE" values=(((-7.352558 7.0415754) (-4.945755 4.6483974) (-2.4355164 2.36395) (0 0)) ((-6.595499 6.197976) (-3.2748063 3.1234028) (0 0)) ((-6.429161 6.365815) (-3.302382 3.0942323) (0 0)) ((-6.2699323 6.5268307) (-3.1018505 3.2952278) (0 0)))
TRY "RANDOM" args=(1000)
RESULT "RANDOM" values=(182)
TRY "XYDIST" args=((0 0) (-10 -10))
RESULT "XYDIST" values=(14.142136)
TRY "LOCK-WIGGLE" args=((0 0) (-10 -10))
RESULT "LOCK-WIGGLE" values=(((-7.0415754 -7.352558) (-4.648398 -4.945755) (-2.36395 -2.4355164) (0 0)) ((-6.197976 -6.595499) (-3.1234028 -3.2748063) (0 0)) ((-6.365815 -6.429161) (-3.0942323 -3.302382) (0 0)) ((-6.5268307 -6.2699323) (-3.2952278 -3.1018505) (0 0)))
TRY "RANDOM" args=(1000)
RESULT "RANDOM" values=(182)
TRY "XYDIST" args=((0 0) (10 -10))
RESULT "XYDIST" values=(14.142136)
TRY "LOCK-WIGGLE" args=((0 0) (10 -10))
RESULT "LOCK-WIGGLE" values=(((7.3525577 -7.0415764) (4.945755 -4.6483984) (2.435516 -2.3639505) (0 0)) ((6.595499 -6.197976) (3.2748063 -3.1234028) (0 0)) ((6.42916 -6.365816) (3.3023818 -3.0942326) (0 0)) ((6.269932 -6.5268316) (3.10185 -3.295228) (0 0)))
TRY "RANDOM" args=(1000)
RESULT "RANDOM" values=(182)
TRY "XYDIST" args=((2 3) (12 8))
RESULT "XYDIST" values=(11.18034)
TRY "LOCK-WIGGLE" args=((2 3) (12 8))
RESULT "LOCK-WIGGLE" values=(((9.119322 6.754024) (6.7227373 5.5472164) (4.3818417 4.2356496) (2 3)) ((8.297358 6.39713) (5.161254 4.675254) (2 3)) ((8.381652 6.2304163) (5.14627 4.703228) (2 3)) ((8.462606 6.070741) (5.2468834 4.5025806) (2 3)))
TRY "RANDOM" args=(1000)
RESULT "RANDOM" values=(182)
TRY "XYDIST" args=((0 0) (0 0))
RESULT "XYDIST" values=(0.0)
TRY "LOCK-WIGGLE" args=((0 0) (0 0))
RESULT "LOCK-WIGGLE" values=(((0.0 0.0) (0.0 0.0) (0.0 0.0) (0 0)) ((0.0 0.0) (0.0 0.0) (0 0)) ((0.0 0.0) (0.0 0.0) (0 0)) ((0.0 0.0) (0.0 0.0) (0 0)))
TRY "RANDOM" args=(1000)
RESULT "RANDOM" values=(182)
TRY "XYDIST" args=((0.1 0.2) (0.3 0.4))
RESULT "XYDIST" values=(0.28284273)
TRY "LOCK-WIGGLE" args=((0.1 0.2) (0.3 0.4))
RESULT "LOCK-WIGGLE" values=(((0.24083154 0.34705117) (0.19296798 0.29891512) (0.14727901 0.24871033) (0.1 0.2)) ((0.22395954 0.33190998) (0.16246806 0.26549613) (0.1 0.2)) ((0.22731632 0.32858318) (0.16188465 0.26604763) (0.1 0.2)) ((0.23053661 0.32539862) (0.16590455 0.262037) (0.1 0.2)))
TRY "RANDOM" args=(1000)
RESULT "RANDOM" values=(182)
TRY "XYDIST" args=((0.1d0 0.2d0) (0.3d0 0.4d0))
RESULT "XYDIST" values=(0.28284273)
TRY "LOCK-WIGGLE" args=((0.1d0 0.2d0) (0.3d0 0.4d0))
RESULT "LOCK-WIGGLE" values=(((0.2408315308234851d0 0.34705115733656094d0) (0.19296796901715413d0 0.29891510061141563d0) (0.14727900867145802d0 0.2487103258547823d0) (0.1d0 0.2d0)) ((0.2239595152285481d0 0.3319099792004746d0) (0.1624680549892431d0 0.26549612283173796d0) (0.1d0 0.2d0)) ((0.2273163122714727d0 0.3285832056406133d0) (0.16188465129432003d0 0.26604763382824265d0) (0.1d0 0.2d0)) ((0.23053661921839885d0 0.32539863298933647d0) (0.1659045562846328d0 0.26203700074193526d0) (0.1d0 0.2d0)))
TRY "RANDOM" args=(1000)
RESULT "RANDOM" values=(182)
GLOBAL "SEED" value=1234 type=FIXNUM
TRY "XYDIST" args=((0 0) (10 0))
RESULT "XYDIST" values=(10.0)
TRY "LOCK-WIGGLE" args=((0 0) (10 0))
RESULT "LOCK-WIGGLE" values=(((6.3958015 -0.03597176) (3.1985445 0.09650867) (0 0)) ((7.1961813 0.18441689) (4.797612 0.10154674) (2.3999941 -0.005354168) (0 0)) ((7.679146 0.07552556) (5.7592754 0.05322553) (3.839334 0.03821262) (1.9193661 0.049335334) (0 0)) ((7.6762233 -0.21689296) (5.7574186 -0.1491534) (3.8395214 -0.059311483) (1.919663 -0.035980508) (0 0)))
TRY "RANDOM" args=(1000)
RESULT "RANDOM" values=(519)
TRY "XYDIST" args=((0 0) (0 10))
RESULT "XYDIST" values=(10.0)
TRY "LOCK-WIGGLE" args=((0 0) (0 10))
RESULT "LOCK-WIGGLE" values=(((0.035971582 6.3958015) (-0.0965088 3.1985445) (0 0)) ((-0.18441722 7.1961813) (-0.10154689 4.797612) (0.005354009 2.3999941) (0 0)) ((-0.07552601 7.679146) (-0.053225778 5.7592754) (-0.038212802 3.839334) (-0.049335398 1.9193661) (0 0)) ((0.21689256 7.6762233) (0.1491531 5.7574186) (0.059311196 3.8395214) (0.035980325 1.919663) (0 0)))
TRY "RANDOM" args=(1000)
RESULT "RANDOM" values=(519)
TRY "XYDIST" args=((0 0) (-10 0))
RESULT "XYDIST" values=(10.0)
TRY "LOCK-WIGGLE" args=((0 0) (-10 0))
RESULT "LOCK-WIGGLE" values=(((-6.3958015 0.035970926) (-3.1985445 -0.096508935) (0 0)) ((-7.1961813 -0.18441781) (-4.797612 -0.10154738) (-2.3999941 0.0053539043) (0 0)) ((-7.679146 -0.075526565) (-5.7592754 -0.053226486) (-3.839334 -0.038213197) (-1.9193661 -0.04933571) (0 0)) ((-7.6762233 0.21689221) (-5.7574186 0.14915285) (-3.8395214 0.059311256) (-1.919663 0.03598024) (0 0)))
TRY "RANDOM" args=(1000)
RESULT "RANDOM" values=(519)
TRY "XYDIST" args=((0 0) (0 -10))
RESULT "XYDIST" values=(10.0)
TRY "LOCK-WIGGLE" args=((0 0) (0 -10))
RESULT "LOCK-WIGGLE" values=(((-0.03597215 -6.3958015) (0.09650852 -3.1985445) (0 0)) ((0.18441658 -7.1961813) (0.10154647 -4.797612) (-0.005354219 -2.3999941) (0 0)) ((0.07552534 -7.679146) (0.05322528 -5.7592754) (0.038212467 -3.839334) (0.04933523 -1.9193661) (0 0)) ((-0.21689323 -7.6762233) (-0.14915359 -5.7574186) (-0.05931153 -3.8395214) (-0.035980493 -1.919663) (0 0)))
TRY "RANDOM" args=(1000)
RESULT "RANDOM" values=(519)
TRY "XYDIST" args=((0 0) (10 10))
RESULT "XYDIST" values=(14.142136)
TRY "LOCK-WIGGLE" args=((0 0) (10 10))
RESULT "LOCK-WIGGLE" values=(((6.4317727 6.3598294) (3.1020358 3.2950532) (0 0)) ((7.0117636 7.380598) (4.696065 4.899159) (2.405348 2.39464) (0 0)) ((7.603621 7.754672) (5.7060504 5.8125014) (3.8011217 3.877547) (1.8700309 1.9687016) (0 0)) ((7.893116 7.45933) (5.906572 5.608265) (3.8988328 3.78021) (1.9556435 1.8836825) (0 0)))
TRY "RANDOM" args=(1000)
RESULT "RANDOM" values=(519)
TRY "XYDIST" args=((0 0) (-10 10))
RESULT "XYDIST" values=(14.142136)
TRY "LOCK-WIGGLE" args=((0 0) (-10 10))
RESULT "LOCK-WIGGLE" values=(((-6.35983 6.431773) (-3.2950532 3.102036) (0 0)) ((-7.3805985 7.0117636) (-4.8991594 4.696065) (-2.39464 2.405348) (0 0)) ((-7.754672 7.60362) (-5.8125014 5.7060494) (-3.8775468 3.8011212) (-1.9687017 1.8700306) (0 0)) ((-7.4593306 7.893116) (-5.6082654 5.906572) (-3.78021 3.898833) (-1.8836827 1.9556434) (0 0)))
TRY "RANDOM" args=(1000)
RESULT "RANDOM" values=(519)
TRY "XYDIST" args=((0 0) (-10 -10))
RESULT "XYDIST" values=(14.142136)
TRY "LOCK-WIGGLE" args=((0 0) (-10 -10))
RESULT "LOCK-WIGGLE" values=(((-6.431773 -6.35983) (-3.102036 -3.2950532) (0 0)) ((-7.0117636 -7.3805985) (-4.696065 -4.8991594) (-2.405348 -2.39464) (0 0)) ((-7.6036205 -7.754672) (-5.70605 -5.8125014) (-3.8011212 -3.8775468) (-1.8700306 -1.9687017) (0 0)) ((-7.893117 -7.45933) (-5.9065723 -5.608265) (-3.8988333 -3.7802098) (-1.9556435 -1.8836825) (0 0)))
TRY "RANDOM" args=(1000)
RESULT "RANDOM" values=(519)
TRY "XYDIST" args=((0 0) (10 -10))
RESULT "XYDIST" values=(14.142136)
TRY "LOCK-WIGGLE" args=((0 0) (10 -10))
RESULT "LOCK-WIGGLE" values=(((6.3598294 -6.431773) (3.2950532 -3.102036) (0 0)) ((7.380598 -7.011764) (4.899159 -4.6960654) (2.39464 -2.4053483) (0 0)) ((7.7546716 -7.603621) (5.812501 -5.7060504) (3.8775468 -3.8011217) (1.9687016 -1.870031) (0 0)) ((7.45933 -7.893117) (5.608265 -5.9065723) (3.7802098 -3.898833) (1.8836824 -1.9556435) (0 0)))
TRY "RANDOM" args=(1000)
RESULT "RANDOM" values=(519)
TRY "XYDIST" args=((2 3) (12 8))
RESULT "XYDIST" values=(11.18034)
TRY "LOCK-WIGGLE" args=((2 3) (12 8))
RESULT "LOCK-WIGGLE" values=(((8.413788 6.1619287) (5.1502905 4.6957808) (2 3)) ((9.103972 6.7825074) (6.7468386 5.500353) (4.402671 4.194643) (2 3)) ((9.641384 6.9150987) (7.732663 5.932863) (5.820228 4.9578795) (3.8946986 4.0090184) (2 3)) ((9.78467 6.621219) (7.8319955 5.729556) (5.8691773 4.8604493) (3.9376533 3.923851) (2 3)))
TRY "RANDOM" args=(1000)
RESULT "RANDOM" values=(519)
TRY "XYDIST" args=((0 0) (0 0))
RESULT "XYDIST" values=(0.0)
TRY "LOCK-WIGGLE" args=((0 0) (0 0))
RESULT "LOCK-WIGGLE" values=(((0.0 0.0) (0.0 0.0) (0 0)) ((0.0 0.0) (0.0 0.0) (0.0 0.0) (0 0)) ((0.0 0.0) (0.0 0.0) (0.0 0.0) (0.0 0.0) (0 0)) ((0.0 0.0) (0.0 0.0) (0.0 0.0) (0.0 0.0) (0 0)))
TRY "RANDOM" args=(1000)
RESULT "RANDOM" values=(519)
TRY "XYDIST" args=((0.1 0.2) (0.3 0.4))
RESULT "XYDIST" values=(0.28284273)
TRY "LOCK-WIGGLE" args=((0.1 0.2) (0.3 0.4))
RESULT "LOCK-WIGGLE" values=(((0.22863546 0.32719657) (0.16204071 0.26590106) (0.1 0.2)) ((0.24023527 0.34761196) (0.1939213 0.29798317) (0.14810696 0.2478928) (0.1 0.2)) ((0.25207242 0.35509345) (0.21412101 0.31625003) (0.17602244 0.27755094) (0.13740063 0.23937403) (0.1 0.2)) ((0.25786233 0.3491866) (0.21813145 0.3121653) (0.17797667 0.2756042) (0.13911287 0.23767366) (0.1 0.2)))
TRY "RANDOM" args=(1000)
RESULT "RANDOM" values=(519)
TRY "XYDIST" args=((0.1d0 0.2d0) (0.3d0 0.4d0))
RESULT "XYDIST" values=(0.28284273)
TRY "LOCK-WIGGLE" args=((0.1d0 0.2d0) (0.3d0 0.4d0))
RESULT "LOCK-WIGGLE" values=(((0.228635451925639d0 0.3271965816484093d0) (0.16204071415947005d0 0.26590106058867446d0) (0.1d0 0.2d0)) ((0.2402352879089652d0 0.3476119640937818d0) (0.19392131147398753d0 0.2979831811889472d0) (0.14810696654498892d0 0.24789279983122925d0) (0.1d0 0.2d0)) ((0.2520724181294133d0 0.355093440671562d0) (0.2141210046711194d0 0.3162500259923686d0) (0.17602243255150807d0 0.27755093750350474d0) (0.13740061836049933d0 0.2393740319712679d0) (0.1d0 0.2d0)) ((0.2578623285967677d0 0.349186609980117d0) (0.21813143979447713d0 0.31216530364981365d0) (0.17797665973989238d0 0.2756042001901249d0) (0.13911287115455004d0 0.23767365070536317d0) (0.1d0 0.2d0)))
TRY "RANDOM" args=(1000)
RESULT "RANDOM" values=(519)
GLOBAL "SEED" value=5678 type=FIXNUM
TRY "XYDIST" args=((0 0) (10 0))
RESULT "XYDIST" values=(10.0)
TRY "LOCK-WIGGLE" args=((0 0) (10 0))
RESULT "LOCK-WIGGLE" values=(((6.398404 -0.14141726) (3.198972 -0.08111548) (0 0)) ((7.198983 0.052781567) (4.799302 0.013632268) (2.3995364 0.04718234) (0 0)) ((7.6755314 0.16788551) (5.757264 0.086334154) (3.8386946 0.012233246) (1.919189 0.05580244) (0 0)) ((7.197742 -0.10747579) (4.798171 -0.062088974) (2.398328 -0.08957107) (0 0)))
TRY "RANDOM" args=(1000)
RESULT "RANDOM" values=(100)
TRY "XYDIST" args=((0 0) (0 10))
RESULT "XYDIST" values=(10.0)
TRY "LOCK-WIGGLE" args=((0 0) (0 10))
RESULT "LOCK-WIGGLE" values=(((0.141417 6.398404) (0.0811153 3.198972) (0 0)) ((-0.052781932 7.198983) (-0.013632465 4.799302) (-0.047182485 2.3995364) (0 0)) ((-0.16788594 7.6755314) (-0.08633439 5.757264) (-0.012233447 3.8386946) (-0.055802546 1.919189) (0 0)) ((0.10747542 7.197742) (0.062088676 4.798171) (0.08957088 2.398328) (0 0)))
TRY "RANDOM" args=(1000)
RESULT "RANDOM" values=(100)
TRY "XYDIST" args=((0 0) (-10 0))
RESULT "XYDIST" values=(10.0)
TRY "LOCK-WIGGLE" args=((0 0) (-10 0))
RESULT "LOCK-WIGGLE" values=(((-6.398404 0.14141633) (-3.198972 0.08111515) (0 0)) ((-7.198983 -0.05278168) (-4.799302 -0.013632391) (-2.3995364 -0.047182307) (0 0)) ((-7.6755314 -0.16788557) (-5.757264 -0.08633418) (-3.8386946 -0.012233153) (-1.919189 -0.055802397) (0 0)) ((-7.197742 0.10747539) (-4.798171 0.06208875) (-2.398328 0.089570776) (0 0)))
TRY "RANDOM" args=(1000)
RESULT "RANDOM" values=(100)
TRY "XYDIST" args=((0 0) (0 -10))
RESULT "XYDIST" values=(10.0)
TRY "LOCK-WIGGLE" args=((0 0) (0 -10))
RESULT "LOCK-WIGGLE" values=(((-0.14141756 -6.398404) (-0.08111557 -3.198972) (0 0)) ((0.052781306 -7.198983) (0.013632052 -4.799302) (0.04718228 -2.3995364) (0 0)) ((0.16788527 -7.6755314) (0.086333886 -5.757264) (0.012233112 -3.8386946) (0.05580238 -1.919189) (0 0)) ((-0.107476056 -7.197742) (-0.0620891 -4.798171) (-0.089571096 -2.398328) (0 0)))
TRY "RANDOM" args=(1000)
RESULT "RANDOM" values=(100)
TRY "XYDIST" args=((0 0) (10 10))
RESULT "XYDIST" values=(14.142136)
TRY "LOCK-WIGGLE" args=((0 0) (10 10))
RESULT "LOCK-WIGGLE" values=(((6.5398207 6.2569866) (3.2800872 3.1178565) (0 0)) ((7.1462007 7.2517643) (4.7856693 4.812934) (2.3523538 2.4467187) (0 0)) ((7.5076466 7.8434176) (5.6709304 5.843599) (3.8264616 3.8509283) (1.8633866 1.9749917) (0 0)) ((7.305217 7.090266) (4.8602595 4.736082) (2.487899 2.3087568) (0 0)))
TRY "RANDOM" args=(1000)
RESULT "RANDOM" values=(100)
TRY "XYDIST" args=((0 0) (-10 10))
RESULT "XYDIST" values=(14.142136)
TRY "LOCK-WIGGLE" args=((0 0) (-10 10))
RESULT "LOCK-WIGGLE" values=(((-6.256987 6.5398207) (-3.1178565 3.2800872) (0 0)) ((-7.2517633 7.146201) (-4.812934 4.7856693) (-2.4467182 2.352354) (0 0)) ((-7.843417 7.5076475) (-5.8435984 5.6709313) (-3.8509278 3.8264623) (-1.9749913 1.8633869) (0 0)) ((-7.090266 7.305217) (-4.736082 4.860259) (-2.308757 2.487899) (0 0)))
TRY "RANDOM" args=(1000)
RESULT "RANDOM" values=(100)
TRY "XYDIST" args=((0 0) (-10 -10))
RESULT "XYDIST" values=(14.142136)
TRY "LOCK-WIGGLE" args=((0 0) (-10 -10))
RESULT "LOCK-WIGGLE" values=(((-6.5398207 -6.2569866) (-3.2800875 -3.1178565) (0 0)) ((-7.146201 -7.2517633) (-4.7856693 -4.8129334) (-2.352354 -2.4467182) (0 0)) ((-7.5076475 -7.843417) (-5.6709313 -5.8435984) (-3.8264623 -3.8509278) (-1.8633869 -1.9749913) (0 0)) ((-7.305217 -7.090266) (-4.860259 -4.736082) (-2.487899 -2.308757) (0 0)))
TRY "RANDOM" args=(1000)
RESULT "RANDOM" values=(100)
TRY "XYDIST" args=((0 0) (10 -10))
RESULT "XYDIST" values=(14.142136)
TRY "LOCK-WIGGLE" args=((0 0) (10 -10))
RESULT "LOCK-WIGGLE" values=(((6.2569866 -6.539821) (3.1178565 -3.2800875) (0 0)) ((7.251764 -7.146201) (4.812934 -4.78567) (2.4467185 -2.352354) (0 0)) ((7.843417 -7.507647) (5.8435984 -5.670931) (3.8509278 -3.8264618) (1.9749914 -1.8633866) (0 0)) ((7.0902653 -7.3052177) (4.7360816 -4.86026) (2.3087568 -2.4878993) (0 0)))
TRY "RANDOM" args=(1000)
RESULT "RANDOM" values=(100)
TRY "XYDIST" args=((2 3) (12 8))
RESULT "XYDIST" values=(11.18034)
TRY "LOCK-WIGGLE" args=((2 3) (12 8))
RESULT "LOCK-WIGGLE" values=(((8.469112 6.057785) (5.2395296 4.5183706) (2 3)) ((9.172592 6.652273) (6.7924857 5.4132833) (4.375945 4.2469506) (2 3)) ((9.591589 7.0056515) (7.7140975 5.9649663) (5.832578 4.9315805) (3.8912878 4.015397) (2 3)) ((9.251479 6.491395) (6.829215 5.3369966) (4.4431133 4.109593) (2 3)))
TRY "RANDOM" args=(1000)
RESULT "RANDOM" values=(100)
TRY "XYDIST" args=((0 0) (0 0))
RESULT "XYDIST" values=(0.0)
TRY "LOCK-WIGGLE" args=((0 0) (0 0))
RESULT "LOCK-WIGGLE" values=(((0.0 0.0) (0.0 0.0) (0 0)) ((0.0 0.0) (0.0 0.0) (0.0 0.0) (0 0)) ((0.0 0.0) (0.0 0.0) (0.0 0.0) (0.0 0.0) (0 0)) ((0.0 0.0) (0.0 0.0) (0.0 0.0) (0 0)))
TRY "RANDOM" args=(1000)
RESULT "RANDOM" values=(100)
TRY "XYDIST" args=((0.1 0.2) (0.3 0.4))
RESULT "XYDIST" values=(0.28284273)
TRY "LOCK-WIGGLE" args=((0.1 0.2) (0.3 0.4))
RESULT "LOCK-WIGGLE" values=(((0.23079643 0.3251397) (0.16560175 0.26235712) (0.1 0.2)) ((0.24292403 0.34503528) (0.1957134 0.2962587) (0.14704709 0.24893437) (0.1 0.2)) ((0.25015295 0.3568684) (0.21341862 0.316872) (0.17652924 0.27701858) (0.13726774 0.23949984) (0.1 0.2)) ((0.24610436 0.3418053) (0.1972052 0.29472163) (0.14975798 0.24617514) (0.1 0.2)))
TRY "RANDOM" args=(1000)
RESULT "RANDOM" values=(100)
TRY "XYDIST" args=((0.1d0 0.2d0) (0.3d0 0.4d0))
RESULT "XYDIST" values=(0.28284273)
TRY "LOCK-WIGGLE" args=((0.1d0 0.2d0) (0.3d0 0.4d0))
RESULT "LOCK-WIGGLE" values=(((0.2307964155914949d0 0.32513972563506904d0) (0.16560174442246522d0 0.2623571257264057d0) (0.1d0 0.2d0)) ((0.24292402314529374d0 0.3450352858294518d0) (0.19571339304060129d0 0.2962586837445097d0) (0.14704707923509788d0 0.2489343727995087d0) (0.1d0 0.2d0)) ((0.2501529329071262d0 0.35686835386523663d0) (0.21341861029098244d0 0.3168719766623547d0) (0.17652923366035772d0 0.27701856351835835d0) (0.13726773362314726d0 0.23949983136693476d0) (0.1d0 0.2d0)) ((0.24610435197483d0 0.34180532041066375d0) (0.19720519701764333d0 0.2947216379898088d0) (0.14975798345195562d0 0.24617514037477078d0) (0.1d0 0.2d0)))
TRY "RANDOM" args=(1000)
RESULT "RANDOM" values=(100)
GLOBAL "SEED" value=5489 type=FIXNUM
TRY "XYDIST" args=((0 0) (10 0))
RESULT "XYDIST" values=(10.0)
TRY "LOCK-WIGGLE" args=((0 0) (10 0))
RESULT "LOCK-WIGGLE" values=(((7.1999326 0.021612074) (4.7999344 0.024610069) (2.3999546 0.0148099745) (0 0)) ((7.1969805 -0.1108628) (4.7988834 -0.015310407) (2.399605 0.043535616) (0 0)) ((7.6756396 -0.03778895) (5.7575336 -0.123052694) (3.838506 -0.061950475) (1.918548 -0.07465929) (0 0)) ((7.675938 0.15232074) (5.7583313 0.056483872) (3.839827 -0.019289562) (1.9199913 0.005810028) (0 0)))
TRY "RANDOM" args=(1000)
RESULT "RANDOM" values=(442)
TRY "XYDIST" args=((0 0) (0 10))
RESULT "XYDIST" values=(10.0)
TRY "LOCK-WIGGLE" args=((0 0) (0 10))
RESULT "LOCK-WIGGLE" values=(((-0.021612361 7.1999326) (-0.024610322 4.7999344) (-0.014810097 2.3999546) (0 0)) ((0.11086245 7.1969805) (0.015310194 4.7988834) (-0.04353562 2.399605) (0 0)) ((0.03778866 7.6756396) (0.1230526 5.7575336) (0.061950397 3.838506) (0.07465928 1.918548) (0 0)) ((-0.15232098 7.675938) (-0.05648396 5.7583313) (0.019289518 3.839827) (-0.0058100116 1.9199913) (0 0)))
TRY "RANDOM" args=(1000)
RESULT "RANDOM" values=(442)
TRY "XYDIST" args=((0 0) (-10 0))
RESULT "XYDIST" values=(10.0)
TRY "LOCK-WIGGLE" args=((0 0) (-10 0))
RESULT "LOCK-WIGGLE" values=(((-7.1999326 -0.021612678) (-4.7999344 -0.024610247) (-2.3999546 -0.014809916) (0 0)) ((-7.1969805 0.110862136) (-4.7988834 0.015309982) (-2.399605 -0.043535728) (0 0)) ((-7.6756396 0.037788093) (-5.7575336 0.12305211) (-3.838506 0.06195023) (-1.918548 0.0746592) (0 0)) ((-7.675938 -0.15232177) (-5.7583313 -0.05648467) (-3.839827 0.019289121) (-1.9199913 -0.005810096) (0 0)))
TRY "RANDOM" args=(1000)
RESULT "RANDOM" values=(442)
TRY "XYDIST" args=((0 0) (0 -10))
RESULT "XYDIST" values=(10.0)
TRY "LOCK-WIGGLE" args=((0 0) (0 -10))
RESULT "LOCK-WIGGLE" values=(((0.021611735 -7.1999326) (0.024609905 -4.7999344) (0.014809887 -2.3999546) (0 0)) ((-0.110863075 -7.1969805) (-0.015310612 -4.7988834) (0.04353541 -2.399605) (0 0)) ((-0.037789322 -7.6756396) (-0.123053096 -5.7575336) (-0.061950736 -3.838506) (-0.07465945 -1.918548) (0 0)) ((0.1523203 -7.675938) (0.056483455 -5.7583313) (-0.019289853 -3.839827) (0.0058098435 -1.9199913) (0 0)))
TRY "RANDOM" args=(1000)
RESULT "RANDOM" values=(442)
TRY "XYDIST" args=((0 0) (10 10))
RESULT "XYDIST" values=(14.142136)
TRY "LOCK-WIGGLE" args=((0 0) (10 10))
RESULT "LOCK-WIGGLE" values=(((7.17832 7.221545) (4.775324 4.824545) (2.3851442 2.4147644) (0 0)) ((7.307843 7.0861187) (4.8141937 4.7835736) (2.3560696 2.443141) (0 0)) ((7.713429 7.637851) (5.8805866 5.6344814) (3.9004567 3.776556) (1.9932073 1.8438889) (0 0)) ((7.5236177 7.8282595) (5.701848 5.8148155) (3.859117 3.820538) (1.9141814 1.9258014) (0 0)))
TRY "RANDOM" args=(1000)
RESULT "RANDOM" values=(442)
TRY "XYDIST" args=((0 0) (-10 10))
RESULT "XYDIST" values=(14.142136)
TRY "LOCK-WIGGLE" args=((0 0) (-10 10))
RESULT "LOCK-WIGGLE" values=(((-7.2215443 7.17832) (-4.824544 4.7753243) (-2.414764 2.3851445) (0 0)) ((-7.0861177 7.307843) (-4.783573 4.8141937) (-2.4431407 2.3560696) (0 0)) ((-7.6378508 7.713429) (-5.634481 5.8805866) (-3.7765555 3.900457) (-1.8438886 1.9932075) (0 0)) ((-7.8282595 7.5236177) (-5.814816 5.7018476) (-3.820538 3.8591168) (-1.9258013 1.9141814) (0 0)))
TRY "RANDOM" args=(1000)
RESULT "RANDOM" values=(442)
TRY "XYDIST" args=((0 0) (-10 -10))
RESULT "XYDIST" values=(14.142136)
TRY "LOCK-WIGGLE" args=((0 0) (-10 -10))
RESULT "LOCK-WIGGLE" values=(((-7.178321 -7.2215443) (-4.775325 -4.824544) (-2.3851447 -2.414764) (0 0)) ((-7.307843 -7.0861177) (-4.8141937 -4.783573) (-2.3560696 -2.4431407) (0 0)) ((-7.713429 -7.6378508) (-5.8805866 -5.634481) (-3.900457 -3.7765555) (-1.9932075 -1.8438886) (0 0)) ((-7.5236177 -7.8282595) (-5.7018476 -5.814816) (-3.859117 -3.820538) (-1.9141816 -1.9258013) (0 0)))
TRY "RANDOM" args=(1000)
RESULT "RANDOM" values=(442)
TRY "XYDIST" args=((0 0) (10 -10))
RESULT "XYDIST" values=(14.142136)
TRY "LOCK-WIGGLE" args=((0 0) (10 -10))
RESULT "LOCK-WIGGLE" values=(((7.2215443 -7.17832) (4.824544 -4.775324) (2.4147642 -2.3851442) (0 0)) ((7.0861177 -7.3078437) (4.783573 -4.814194) (2.4431407 -2.3560696) (0 0)) ((7.6378508 -7.713429) (5.6344814 -5.8805866) (3.7765558 -3.900457) (1.8438889 -1.9932073) (0 0)) ((7.8282595 -7.523618) (5.8148155 -5.701848) (3.820538 -3.859117) (1.9258014 -1.9141814) (0 0)))
TRY "RANDOM" args=(1000)
RESULT "RANDOM" values=(442)
TRY "XYDIST" args=((2 3) (12 8))
RESULT "XYDIST" values=(11.18034)
TRY "LOCK-WIGGLE" args=((2 3) (12 8))
RESULT "LOCK-WIGGLE" values=(((9.189126 6.621578) (6.787629 5.424577) (4.3925495 4.214787) (2 3)) ((9.252412 6.4876275) (6.8065386 5.3841314) (4.377837 4.243338) (2 3)) ((9.694534 6.800031) (7.8190603 5.7557144) (5.8694816 4.8573027) (3.9558778 3.8846147) (2 3)) ((9.599779 6.99029) (7.73009 5.93565) (5.8494725 4.9006243) (3.9170866 3.9658058) (2 3)))
TRY "RANDOM" args=(1000)
RESULT "RANDOM" values=(442)
TRY "XYDIST" args=((0 0) (0 0))
RESULT "XYDIST" values=(0.0)
TRY "LOCK-WIGGLE" args=((0 0) (0 0))
RESULT "LOCK-WIGGLE" values=(((0.0 0.0) (0.0 0.0) (0.0 0.0) (0 0)) ((0.0 0.0) (0.0 0.0) (0.0 0.0) (0 0)) ((0.0 0.0) (0.0 0.0) (0.0 0.0) (0.0 0.0) (0 0)) ((0.0 0.0) (0.0 0.0) (0.0 0.0) (0.0 0.0) (0 0)))
TRY "RANDOM" args=(1000)
RESULT "RANDOM" values=(442)
TRY "XYDIST" args=((0.1 0.2) (0.3 0.4))
RESULT "XYDIST" values=(0.28284273)
TRY "LOCK-WIGGLE" args=((0.1 0.2) (0.3 0.4))
RESULT "LOCK-WIGGLE" values=(((0.24356641 0.34443092) (0.19550648 0.2964909) (0.14770289 0.24829529) (0.1 0.2)) ((0.24615689 0.34172237) (0.19628389 0.29567146) (0.1471214 0.24886282) (0.1 0.2)) ((0.2542686 0.352757) (0.21761173 0.3126896) (0.17800914 0.2755311) (0.13986415 0.23687777) (0.1 0.2)) ((0.25047237 0.35656518) (0.21403697 0.3162963) (0.17718235 0.27641076) (0.13828363 0.23851603) (0.1 0.2)))
TRY "RANDOM" args=(1000)
RESULT "RANDOM" values=(442)
TRY "XYDIST" args=((0.1d0 0.2d0) (0.3d0 0.4d0))
RESULT "XYDIST" values=(0.28284273)
TRY "LOCK-WIGGLE" args=((0.1d0 0.2d0) (0.3d0 0.4d0))
RESULT "LOCK-WIGGLE" values=(((0.24356641487350641d0 0.34443089787025083d0) (0.1955064898126688d0 0.29649089256172434d0) (0.147702889243972d0 0.24829528821336733d0) (0.1d0 0.2d0)) ((0.2461568773764634d0 0.3417223654263049d0) (0.19628388473711197d0 0.29567146846402986d0) (0.14712139238182062d0 0.24886281700673196d0) (0.1d0 0.2d0)) ((0.254268579439543d0 0.35275702140659165d0) (0.21761173307283815d0 0.31268962491181124d0) (0.17800913448777678d0 0.2755311153516494d0) (0.13986414781499865d0 0.23687777605016447d0) (0.1d0 0.2d0)) ((0.2504723620441479d0 0.35656519191520425d0) (0.21403696217241297d0 0.3162963170413154d0) (0.1771823425683581d0 0.27641075999039083d0) (0.1382836278312659d0 0.23851602896846022d0) (0.1d0 0.2d0)))
TRY "RANDOM" args=(1000)
RESULT "RANDOM" values=(442)
END point-behavior
