
#S(RANDOM-STATE :MTI 624
                :FIXSEED
                #(2289224869 3841409313 695129197 2734072905 2854372213
                  1045558705 114080701 2469916505 2857054021 1591761729
                  3112984589 374772585 3694747669 2749891025 179442013
                  2899746937 4001211877 32471393 793714605 111486601
                  3686650037 1800294897 970054397 3492296089 4035227781
                  129833857 3897922381 4165918121 3054638421 3437585937
                  535992477 2141269689 2452279077 133284257 1695431405
                  3763353801 3957894645 1746779697 2695547453 524684249
                  2777317829 440789953 2193069709 2520102889 3141802645
                  2239224401 3512791005 2259373305 3608037477 948050401
                  4116719149 2249972489 2843138869 2558802545 323717501
                  3539300889 3614483205 3766406145 31877581 2729386537
                  1294168021 31678097 1836128029 2027486009 3317436837
                  4129587745 2012799341 2536246601 1480349813 289785521
                  648550589 2526701657 3645576261 3849043009 3960868109
                  962534505 3791918357 1198256849 2677476957 2249079161
                  1271409381 73202273 831286445 1000656777 4044170677
                  3626394353 1823766525 2929258137 2200819077 890289281
                  343572557 518629033 1161431637 1817548561 2957432221
                  2536441785 2076611621 3350168225 1406060525
                  1688871369 1639793397 602541873 3026495293 945095897
                  1915545285 2624703681 3678913421 15909097 3608760213
                  3622062929 3304352989 2384422393 3444264293
                  2241862369 1031009069 207619081 3441471541 2622802801
                  1236051581 1781705497 1214007301 3918720257
                  1840371405 3055446825 3438666965 2187071377 538170397
                  2244170809 1558861477 2763178785 3123703405
                  1978299977 3406523765 2586482609 897611197 3549815129
                  3973052741 729292097 99400205 2115020137 1898170901
                  889250769 1629031261 301912697 741847013 3966466913
                  1119271341 1835890825 2823912117 1731163121
                  2111051005 2632099737 3415997061 4062535041 724331853
                  1097691049 1660354389 3390490641 3296203421
                  2142625977 1640454437 3310240673 1018975469
                  2282556105 2798049269 2116509745 1704690749
                  3346857433 366234565 2392763841 4054118541 3520645609
                  3603137685 1826733137 1671752157 348946169 2301448805
                  2027887585 989118509 1676487945 1027573045 3403046001
                  2898969469 1841882137 26012933 1390939649 982139853
                  704033833 3588053461 3651518609 1964216605 1344711993
                  3539835813 1906443297 1024719725 3895582537
                  1469022837 3925895345 3495285437 53107289 ...))
